time,pos_x,pos_y,pos_z,rot_x,rot_y,rot_z,forward_direction
381.8129,0,0,0,0,0,0,(0.0_ 0.0_ 1.0)
381.8129,0,0,0,0,0,0,(0.0_ 0.0_ 1.0)
381.8129,0,0,0,0,0,0,(0.0_ 0.0_ 1.0)
381.8129,0,0,0,0,0,0,(0.0_ 0.0_ 1.0)
381.8129,0,0,0,0,0,0,(0.0_ 0.0_ 1.0)
381.8129,0,0,0,0,0,0,(0.0_ 0.0_ 1.0)
381.8129,0,0,0,0,0,0,(0.0_ 0.0_ 1.0)
381.8129,0,0,0,0,0,0,(0.0_ 0.0_ 1.0)
381.8129,0,0,0,0,0,0,(0.0_ 0.0_ 1.0)
381.8129,0,0,0,0,0,0,(0.0_ 0.0_ 1.0)
381.8129,0,0,0,0,0,0,(0.0_ 0.0_ 1.0)
381.8129,0,0,0,0,0,0,(0.0_ 0.0_ 1.0)
381.8129,0,0,0,0,0,0,(0.0_ 0.0_ 1.0)
381.8129,0,0,0,0,0,0,(0.0_ 0.0_ 1.0)
381.8129,0,0,0,0,0,0,(0.0_ 0.0_ 1.0)
381.8129,0,0,0,0,0,0,(0.0_ 0.0_ 1.0)
381.8129,0,0,0,0,0,0,(0.0_ 0.0_ 1.0)
381.8129,0,0,0,0,0,0,(0.0_ 0.0_ 1.0)
381.8129,0,0,0,0,0,0,(0.0_ 0.0_ 1.0)
381.8129,0,0,0,0,0,0,(0.0_ 0.0_ 1.0)
381.8129,0,0,0,0,0,0,(0.0_ 0.0_ 1.0)
381.8129,0,0,0,0,0,0,(0.0_ 0.0_ 1.0)
381.8129,0,0,0,0,0,0,(0.0_ 0.0_ 1.0)
381.8129,0,0,0,0,0,0,(0.0_ 0.0_ 1.0)
381.8129,0,0,0,0,0,0,(0.0_ 0.0_ 1.0)
381.8129,0,0,0,0,0,0,(0.0_ 0.0_ 1.0)
381.8129,0,0,0,0,0,0,(0.0_ 0.0_ 1.0)
381.8129,0,0,0,0,0,0,(0.0_ 0.0_ 1.0)
381.8129,0,0,0,0,0,0,(0.0_ 0.0_ 1.0)
381.8129,0,0,0,0,0,0,(0.0_ 0.0_ 1.0)
381.8129,0,0,0,0,0,0,(0.0_ 0.0_ 1.0)
381.8129,0,0,0,0,0,0,(0.0_ 0.0_ 1.0)
381.8129,0,0,0,0,0,0,(0.0_ 0.0_ 1.0)
381.8129,0,0,0,0,0,0,(0.0_ 0.0_ 1.0)
381.8129,0,0,0,0,0,0,(0.0_ 0.0_ 1.0)
381.8129,0,0,0,0,0,0,(0.0_ 0.0_ 1.0)
381.8129,0,0,0,0,0,0,(0.0_ 0.0_ 1.0)
381.8129,0,0,0,0,0,0,(0.0_ 0.0_ 1.0)
381.8129,0,0,0,0,0,0,(0.0_ 0.0_ 1.0)
381.8129,0,0,0,0,0,0,(0.0_ 0.0_ 1.0)
381.8129,0,0,0,0,0,0,(0.0_ 0.0_ 1.0)
381.8129,0,0,0,0,0,0,(0.0_ 0.0_ 1.0)
381.8129,0,0,0,0,0,0,(0.0_ 0.0_ 1.0)
381.8129,0,0,0,0,0,0,(0.0_ 0.0_ 1.0)
381.8129,0,0,0,0,0,0,(0.0_ 0.0_ 1.0)
381.8129,0,0,0,0,0,0,(0.0_ 0.0_ 1.0)
381.8129,0,0,0,0,0,0,(0.0_ 0.0_ 1.0)
381.8223,0,0.000924,0.065823,0,0.000005,-0.000046,(0.0_ 0.0_ 1.0)
381.8339,0,0.000924,0.146735,0,0.000005,-0.000046,(0.0_ 0.0_ 1.0)
381.8443,0,0.002436,0.219581,0.000002,0.000055,-0.000394,(0.0_ 0.0_ 1.0)
381.856,0,0.002436,0.301944,0.000002,0.000055,-0.000394,(0.0_ 0.0_ 1.0)
381.8671,0,0.004412,0.379374,0.000001,0.000099,-0.000331,(0.0_ 0.0_ 1.0)
381.8783,0,0.004412,0.457979,0.000001,0.000099,-0.000331,(0.0_ 0.0_ 1.0)
381.8889,0,0.006015,0.532215,0.000001,0.000122,-0.000222,(0.0_ 0.0_ 1.0)
381.9006,0,0.006074,0.61381,0.000001,0.000129,-0.000154,(0.0_ 0.0_ 1.0)
381.9118,0,0.006074,0.692369,0.000001,0.000129,-0.000154,(0.0_ 0.0_ 1.0)
381.9221,0,0.006272,0.764047,0.000001,0.000132,-0.000068,(0.0_ 0.0_ 1.0)
381.9336,0.000001,0.006272,0.8451,0.000001,0.000132,-0.000068,(0.0_ 0.0_ 1.0)
381.9467,0.000001,0.00685,0.936491,0.000001,0.000138,-0.000062,(0.0_ 0.0_ 1.0)
381.9579,0.000001,0.00685,1.015225,0.000001,0.000138,-0.000062,(0.0_ 0.0_ 1.0)
381.9661,0.000001,0.007199,1.072113,0.000001,0.000142,-0.000055,(0.0_ 0.0_ 1.0)
381.9773,0.000001,0.007199,1.151024,0.000001,0.000142,-0.000055,(0.0_ 0.0_ 1.0)
381.9884,0.000001,0.007537,1.228822,0.000001,0.000146,-0.00004,(0.0_ 0.0_ 1.0)
381.9997,0.000002,0.007537,1.307812,0.000001,0.000146,-0.00004,(0.0_ 0.0_ 1.0)
382.0106,0.000002,0.007783,1.384055,0.000001,0.000149,-0.00003,(0.0_ 0.0_ 1.0)
382.0242,0.000002,0.007829,1.47935,0.000001,0.000151,-0.000026,(0.0_ 0.0_ 1.0)
382.0332,0.000002,0.007829,1.541853,0.000001,0.000151,-0.000026,(0.0_ 0.0_ 1.0)
382.044,0.000002,0.007864,1.617876,0,0.000154,-0.000021,(0.0_ 0.0_ 1.0)
382.0558,0.000003,0.007864,1.700157,0,0.000154,-0.000021,(0.0_ 0.0_ 1.0)
382.0665,0.000003,0.007908,1.775468,0,0.000157,-0.00001,(0.0_ 0.0_ 1.0)
382.0779,0.000003,0.007908,1.855103,0,0.000157,-0.00001,(0.0_ 0.0_ 1.0)
382.0891,0.000003,0.00795,1.933781,0,0.00016,-0.000009,(0.0_ 0.0_ 1.0)
382.1004,0.000003,0.007951,2.012252,0,0.000162,-0.000008,(0.0_ 0.0_ 1.0)
382.1115,0.000004,0.007951,2.090216,0,0.000162,-0.000008,(0.0_ 0.0_ 1.0)
382.1222,0.000004,0.007957,2.165085,0.000001,0.000163,-0.000008,(0.0_ 0.0_ 1.0)
382.1337,0.000004,0.007957,2.245709,0.000001,0.000163,-0.000008,(0.0_ 0.0_ 1.0)
382.1443,0.000004,0.007966,2.319558,0,0.000165,-0.000006,(0.0_ 0.0_ 1.0)
382.1557,0.000004,0.007966,2.399556,0,0.000165,-0.000006,(0.0_ 0.0_ 1.0)
382.1668,0.000005,0.007978,2.47736,0,0.000167,-0.000005,(0.0_ 0.0_ 1.0)
382.1779,0.000005,0.007978,2.554829,0,0.000167,-0.000005,(0.0_ 0.0_ 1.0)
382.189,0.000005,0.007988,2.632384,0,0.000168,-0.000007,(0.0_ 0.0_ 1.0)
382.2002,0.000005,0.007988,2.711364,0,0.000168,-0.000008,(0.0_ 0.0_ 1.0)
382.2115,0.000006,0.007988,2.790025,0,0.000168,-0.000008,(0.0_ 0.0_ 1.0)
382.2247,0.000006,0.007991,2.88279,0,0.00017,-0.000006,(0.0_ 0.0_ 1.0)
382.2337,0.000006,0.007991,2.945547,0,0.00017,-0.000006,(0.0_ 0.0_ 1.0)
382.2449,0.000006,0.007993,3.02396,0,0.000171,-0.000007,(0.0_ 0.0_ 1.0)
382.256,0.000006,0.007993,3.10184,0,0.000171,-0.000007,(0.0_ 0.0_ 1.0)
382.2666,0.000007,0.007995,3.17621,0,0.000171,-0.000007,(0.0_ 0.0_ 1.0)
382.278,0.000007,0.007995,3.25584,0,0.000171,-0.000007,(0.0_ 0.0_ 1.0)
382.2892,0.000007,0.007997,3.333895,0,0.000172,-0.000006,(0.0_ 0.0_ 1.0)
382.3007,0.000007,0.007998,3.414428,0,0.000173,-0.000004,(0.0_ 0.0_ 1.0)
382.3119,0.000008,0.007998,3.492686,0,0.000173,-0.000004,(0.0_ 0.0_ 1.0)
382.3225,0.000008,0.007998,3.56707,0,0.000174,-0.000006,(0.0_ 0.0_ 1.0)
382.3338,0.000008,0.007998,3.646546,0,0.000174,-0.000006,(0.0_ 0.0_ 1.0)
382.3448,0.000008,0.007998,3.723353,0,0.000174,-0.000005,(0.0_ 0.0_ 1.0)
382.3562,0.000009,0.007998,3.803044,0,0.000174,-0.000005,(0.0_ 0.0_ 1.0)
382.3669,0.000009,0.007999,3.877834,0,0.000175,-0.000004,(0.0_ 0.0_ 1.0)
382.3781,0.000009,0.007999,3.956797,0,0.000175,-0.000004,(0.0_ 0.0_ 1.0)
382.3893,0.000009,0.007999,4.03474,0,0.000176,-0.000006,(0.0_ 0.0_ 1.0)
382.401,0.000009,0.007999,4.116925,0,0.000176,-0.000007,(0.0_ 0.0_ 1.0)
382.4117,0.00001,0.007999,4.191293,0,0.000176,-0.000007,(0.0_ 0.0_ 1.0)
382.4252,0.00001,0.008,4.285834,0,0.000177,-0.000006,(0.0_ 0.0_ 1.0)
382.4343,0.00001,0.008,4.349771,0,0.000177,-0.000006,(0.0_ 0.0_ 1.0)
382.4448,0.00001,0.008,4.423072,0,0.000178,-0.000007,(0.0_ 0.0_ 1.0)
382.4565,0.000011,0.008,4.505493,0,0.000178,-0.000007,(0.0_ 0.0_ 1.0)
382.4676,0.000011,0.008,4.582646,0,0.000179,-0.000006,(0.0_ 0.0_ 1.0)
382.4782,0.000011,0.008,4.657318,0,0.000179,-0.000006,(0.0_ 0.0_ 1.0)
382.489,0.000011,0.008,4.732709,0,0.000179,-0.000006,(0.0_ 0.0_ 1.0)
382.5008,0.000012,0.007999,4.814976,0.000001,0.00018,0.000105,(0.0_ 0.0_ 1.0)
382.5121,0.000012,0.007999,4.894767,0.000001,0.00018,0.000105,(0.0_ 0.0_ 1.0)
382.5226,0.000012,0.007997,4.967744,0.000027,0.000176,0.002419,(0.0_ 0.0_ 1.0)
382.5345,0.000012,0.007997,5.05093,0.000027,0.000176,0.002419,(0.0_ 0.0_ 1.0)
382.545,0.000013,0.007991,5.124386,0.000044,0.000184,-0.000178,(0.0_ 0.0_ 1.0)
382.5563,0.000013,0.007991,5.203559,0.000044,0.000184,-0.000178,(0.0_ 0.0_ 1.0)
382.5671,0.000013,0.007987,5.279463,0.000045,0.000189,0.000791,(0.0_ 0.0_ 1.0)
382.5786,0.000013,0.007987,5.360028,0.000045,0.000189,0.000791,(0.0_ 0.0_ 1.0)
382.5894,0.000014,0.007982,5.435495,0.000046,0.000192,0.000053,(0.0_ 0.0_ 1.0)
382.6007,0.000014,0.007981,5.514373,0.000053,0.000194,0.001911,(0.0_ 0.0_ 1.0)
382.6122,0.000014,0.007981,5.595448,0.000053,0.000194,0.001911,(0.0_ 0.0_ 1.0)
382.625,0.000015,0.00798,5.684534,0.000045,0.000191,-0.000977,(0.0_ 0.0_ 1.0)
382.6344,0.000015,0.00798,5.750365,0.000045,0.000191,-0.000977,(0.0_ 0.0_ 1.0)
382.6449,0.000015,0.007979,5.824249,0.000052,0.000193,0.001037,(0.0_ 0.0_ 1.0)
382.6565,0.000015,0.007979,5.905416,0.000052,0.000193,0.001037,(0.0_ 0.0_ 1.0)
382.6729,0.000016,0.007977,6.02015,0.00005,0.000191,0.000624,(0.0_ 0.0_ 1.0)
382.6786,0.000016,0.007977,6.059566,0.00005,0.000191,0.000624,(0.0_ 0.0_ 1.0)
382.6905,0.000016,0.007976,6.143215,0.000049,0.000189,-0.000105,(0.0_ 0.0_ 1.0)
382.7024,0.000016,0.007976,6.226289,0.000045,0.000186,-0.001571,(0.0_ 0.0_ 1.0)
382.7132,0.000017,0.007976,6.301864,0.000045,0.000186,-0.001571,(0.0_ 0.0_ 1.0)
382.7233,0.000017,0.007976,6.373039,0.000054,0.00019,0.001395,(0.0_ 0.0_ 1.0)
382.7346,0.000017,0.007975,6.452076,0.000054,0.00019,0.001395,(0.0_ 0.0_ 1.0)
382.7462,0.000017,0.007975,6.532783,0.000047,0.000184,-0.000784,(0.0_ 0.0_ 1.0)
382.7567,0.000018,0.007975,6.606197,0.000047,0.000184,-0.000784,(0.0_ 0.0_ 1.0)
382.7678,0.000018,0.007975,6.684294,0.000051,0.000185,0.000467,(0.0_ 0.0_ 1.0)
382.7789,0.000018,0.007975,6.761839,0.000051,0.000185,0.000467,(0.0_ 0.0_ 1.0)
382.7898,0.000019,0.007975,6.838417,0.000049,0.000183,-0.000026,(0.0_ 0.0_ 1.0)
382.8015,0.000019,0.007975,6.920014,0.000054,0.000185,0.001785,(0.0_ 0.0_ 1.0)
382.8128,0.000019,0.007975,6.999191,0.000054,0.000185,0.001785,(0.0_ 0.0_ 1.0)
382.8253,0.000019,0.007975,7.087234,0.000045,0.000178,-0.000957,(0.0_ 0.0_ 1.0)
382.8344,0.00002,0.007975,7.150368,0.000045,0.000178,-0.000957,(0.0_ 0.0_ 1.0)
382.8449,0.00002,0.007975,7.223823,0.000054,0.000181,0.001077,(0.0_ 0.0_ 1.0)
382.8568,0.00002,0.007975,7.307709,0.000054,0.000181,0.001077,(0.0_ 0.0_ 1.0)
382.8676,0.00002,0.007975,7.383173,0.000048,0.000176,-0.000483,(0.0_ 0.0_ 1.0)
382.8789,0.000021,0.007975,7.462157,0.000048,0.000176,-0.000483,(0.0_ 0.0_ 1.0)
382.8896,0.000021,0.007975,7.536596,0.000048,0.000176,0.000099,(0.0_ 0.0_ 1.0)
382.9011,0.000021,0.007975,7.617505,0.000041,0.000171,-0.001846,(0.0_ 0.0_ 1.0)
382.9124,0.000021,0.007975,7.696123,0.000041,0.000171,-0.001846,(0.0_ 0.0_ 1.0)
382.923,0.000021,0.007975,7.771002,0.000055,0.000177,0.001457,(0.0_ 0.0_ 1.0)
382.9348,0.000022,0.007975,7.852909,0.000055,0.000177,0.001457,(0.0_ 0.0_ 1.0)
382.9452,0.000022,0.007975,7.926281,0.000047,0.00017,-0.000986,(0.0_ 0.0_ 1.0)
382.9567,0.000022,0.007975,8.006832,0.000047,0.00017,-0.000986,(0.0_ 0.0_ 1.0)
382.9674,0.000022,0.007975,8.081321,0.000051,0.000172,0.000557,(0.0_ 0.0_ 1.0)
382.9787,0.000023,0.007975,8.16073,0.000051,0.000172,0.000557,(0.0_ 0.0_ 1.0)
382.99,0.000023,0.007975,8.239917,0.000048,0.000169,0.000018,(0.0_ 0.0_ 1.0)
383.0011,0.000023,0.007975,8.317271,0.000053,0.000172,0.001872,(0.0_ 0.0_ 1.0)
383.0124,0.000023,0.007975,8.396658,0.000053,0.000172,0.001872,(0.0_ 0.0_ 1.0)
383.0231,0.000024,0.007975,8.471433,0.000044,0.000164,-0.001427,(0.0_ 0.0_ 1.0)
383.0368,0.000024,0.007975,8.567176,0.000044,0.000164,-0.001427,(0.0_ 0.0_ 1.0)
383.045,0.000024,0.007975,8.624973,0.000053,0.000168,0.001043,(0.0_ 0.0_ 1.0)
383.0567,0.000024,0.007975,8.706883,0.000053,0.000168,0.001043,(0.0_ 0.0_ 1.0)
383.0679,0.000025,0.007975,8.784897,0.000049,0.000163,-0.000434,(0.0_ 0.0_ 1.0)
383.0794,0.000025,0.007975,8.865357,0.000049,0.000163,-0.000434,(0.0_ 0.0_ 1.0)
383.0898,0.000025,0.007975,8.938242,0.00005,0.000163,0.00005,(0.0_ 0.0_ 1.0)
383.1017,0.000025,0.007975,9.021296,0.000044,0.000158,-0.001733,(0.0_ 0.0_ 1.0)
383.1125,0.000025,0.007975,9.096926,0.000044,0.000158,-0.001733,(0.0_ 0.0_ 1.0)
383.1233,0.000026,0.007975,9.172469,0.000055,0.000163,0.001415,(0.0_ 0.0_ 1.0)
383.1347,0.000026,0.007975,9.252792,0.000055,0.000163,0.001415,(0.0_ 0.0_ 1.0)
383.1455,0.000026,0.007975,9.328032,0.000045,0.000157,-0.000933,(0.0_ 0.0_ 1.0)
383.157,0.000026,0.007975,9.408885,0.000045,0.000157,-0.000933,(0.0_ 0.0_ 1.0)
383.1678,0.000026,0.007975,9.48411,0.00005,0.000158,0.000474,(0.0_ 0.0_ 1.0)
383.1794,0.000027,0.007975,9.565745,0.00005,0.000158,0.000474,(0.0_ 0.0_ 1.0)
383.1898,0.000027,0.007975,9.638035,0.00005,0.000156,-0.00004,(0.0_ 0.0_ 1.0)
383.2012,0.000027,0.007975,9.718115,0.000058,0.000159,0.001845,(0.0_ 0.0_ 1.0)
383.2124,0.000027,0.007975,9.796751,0.000058,0.000159,0.001845,(0.0_ 0.0_ 1.0)
383.2235,0.000028,0.007975,9.874463,0.000047,0.000151,-0.001337,(0.0_ 0.0_ 1.0)
383.2368,0.000028,0.007975,9.967218,0.000047,0.000151,-0.001337,(0.0_ 0.0_ 1.0)
383.2454,0.000028,0.007975,10.02719,0.000053,0.000154,0.000978,(0.0_ 0.0_ 1.0)
383.2569,0.000028,0.007975,10.10788,0.000053,0.000154,0.000978,(0.0_ 0.0_ 1.0)
383.2677,0.000029,0.007975,10.18338,0.000048,0.00015,-0.000478,(0.0_ 0.0_ 1.0)
383.2792,0.000029,0.007975,10.26444,0.000048,0.00015,-0.000478,(0.0_ 0.0_ 1.0)
383.2898,0.000029,0.007975,10.33798,0.000051,0.000149,0.000058,(0.0_ 0.0_ 1.0)
383.3018,0.000029,0.007975,10.42247,0.000045,0.000145,-0.001698,(0.0_ 0.0_ 1.0)
383.3124,0.000029,0.007975,10.49661,0.000045,0.000145,-0.001698,(0.0_ 0.0_ 1.0)
383.3231,0.00003,0.007975,10.57139,0.000053,0.00015,0.001448,(0.0_ 0.0_ 1.0)
383.3348,0.00003,0.007975,10.65347,0.000053,0.00015,0.001448,(0.0_ 0.0_ 1.0)
383.3457,0.00003,0.007975,10.72944,0.000047,0.000144,-0.000892,(0.0_ 0.0_ 1.0)
383.3571,0.00003,0.007975,10.8097,0.000047,0.000144,-0.000892,(0.0_ 0.0_ 1.0)
383.3679,0.00003,0.007975,10.88488,0.000051,0.000145,0.00045,(0.0_ 0.0_ 1.0)
383.3792,0.000031,0.007975,10.96377,0.000051,0.000145,0.00045,(0.0_ 0.0_ 1.0)
383.39,0.000031,0.007975,11.03969,0.000049,0.000142,0.000009,(0.0_ 0.0_ 1.0)
383.4014,0.000031,0.007975,11.11957,0.000054,0.000145,0.001801,(0.0_ 0.0_ 1.0)
383.4128,0.000031,0.007975,11.19965,0.000054,0.000145,0.001801,(0.0_ 0.0_ 1.0)
383.4233,0.000031,0.007975,11.27283,0.000044,0.000137,-0.001387,(0.0_ 0.0_ 1.0)
383.4352,0.000032,0.007975,11.35647,0.000044,0.000137,-0.001387,(0.0_ 0.0_ 1.0)
383.4476,0.000032,0.007975,11.44321,0.000052,0.00014,0.000499,(0.0_ 0.0_ 1.0)
383.4568,0.000032,0.007975,11.5076,0.000052,0.00014,0.000499,(0.0_ 0.0_ 1.0)
383.4679,0.000032,0.007975,11.58473,0.000049,0.000136,-0.000438,(0.0_ 0.0_ 1.0)
383.4793,0.000032,0.007975,11.66503,0.000049,0.000136,-0.000438,(0.0_ 0.0_ 1.0)
383.4903,0.000033,0.007975,11.74169,0.00005,0.000136,-0.000053,(0.0_ 0.0_ 1.0)
383.5015,0.000033,0.007975,11.82027,0.000044,0.000131,-0.001764,(0.0_ 0.0_ 1.0)
383.5129,0.000033,0.007975,11.89985,0.000044,0.000131,-0.001764,(0.0_ 0.0_ 1.0)
383.5233,0.000033,0.007975,11.97241,0.000054,0.000136,0.001416,(0.0_ 0.0_ 1.0)
383.5347,0.000033,0.007975,12.05251,0.000054,0.000136,0.001416,(0.0_ 0.0_ 1.0)
383.5458,0.000033,0.007975,12.13022,0.000046,0.00013,-0.00087,(0.0_ 0.0_ 1.0)
383.5569,0.000034,0.007975,12.20837,0.000046,0.00013,-0.00087,(0.0_ 0.0_ 1.0)
383.568,0.000034,0.007975,12.28592,0.00005,0.000131,0.000418,(0.0_ 0.0_ 1.0)
383.5794,0.000034,0.007975,12.36571,0.00005,0.000131,0.000418,(0.0_ 0.0_ 1.0)
383.5905,0.000034,0.007975,12.44295,0.000049,0.000129,0.000105,(0.0_ 0.0_ 1.0)
383.6017,0.000034,0.007975,12.52162,0.000055,0.000132,0.001739,(0.0_ 0.0_ 1.0)
383.6128,0.000035,0.007975,12.59955,0.000055,0.000132,0.001739,(0.0_ 0.0_ 1.0)
383.6237,0.000035,0.007975,12.67535,0.000045,0.000124,-0.001313,(0.0_ 0.0_ 1.0)
383.6348,0.000035,0.007975,12.75307,0.000045,0.000124,-0.001313,(0.0_ 0.0_ 1.0)
383.6464,0.000035,0.007975,12.8346,0.000053,0.000127,0.000756,(0.0_ 0.0_ 1.0)
383.6594,0.000035,0.007975,12.92555,0.000053,0.000127,0.000756,(0.0_ 0.0_ 1.0)
383.6682,0.000036,0.007975,12.98746,0.000049,0.000123,-0.000355,(0.0_ 0.0_ 1.0)
383.6795,0.000036,0.007975,13.06609,0.000049,0.000123,-0.000355,(0.0_ 0.0_ 1.0)
383.6903,0.000036,0.007975,13.14169,0.00005,0.000122,-0.000051,(0.0_ 0.0_ 1.0)
383.7018,0.000036,0.007975,13.22238,0.000045,0.000118,-0.001699,(0.0_ 0.0_ 1.0)
383.7132,0.000036,0.007975,13.30194,0.000045,0.000118,-0.001699,(0.0_ 0.0_ 1.0)
383.7238,0.000036,0.007975,13.37591,0.000053,0.000123,0.001312,(0.0_ 0.0_ 1.0)
383.7351,0.000036,0.007975,13.45568,0.000053,0.000123,0.001312,(0.0_ 0.0_ 1.0)
383.7459,0.000037,0.007975,13.53084,0.000045,0.000117,-0.000851,(0.0_ 0.0_ 1.0)
383.7578,0.000037,0.007975,13.61408,0.000045,0.000117,-0.000851,(0.0_ 0.0_ 1.0)
383.7682,0.000037,0.007975,13.6875,0.000051,0.000118,0.000372,(0.0_ 0.0_ 1.0)
383.7799,0.000037,0.007975,13.76915,0.000051,0.000118,0.000372,(0.0_ 0.0_ 1.0)
383.7902,0.000037,0.007975,13.84105,0.000051,0.000116,0.000049,(0.0_ 0.0_ 1.0)
383.8022,0.000038,0.007975,13.92532,0.000056,0.000118,0.001629,(0.0_ 0.0_ 1.0)
383.8132,0.000038,0.007975,14.00194,0.000056,0.000118,0.001629,(0.0_ 0.0_ 1.0)
383.8237,0.000038,0.007975,14.07577,0.000046,0.000111,-0.0013,(0.0_ 0.0_ 1.0)
383.8349,0.000038,0.007975,14.15374,0.000046,0.000111,-0.0013,(0.0_ 0.0_ 1.0)
383.846,0.000038,0.007975,14.23162,0.000052,0.000114,0.000846,(0.0_ 0.0_ 1.0)
383.8581,0.000038,0.007975,14.31613,0.000052,0.000114,0.000846,(0.0_ 0.0_ 1.0)
383.8703,0.000039,0.007975,14.40185,0.00005,0.00011,0.000075,(0.0_ 0.0_ 1.0)
383.8798,0.000039,0.007975,14.46838,0.00005,0.00011,0.000075,(0.0_ 0.0_ 1.0)
383.8904,0.000039,0.007975,14.5422,0.000049,0.000109,-0.000066,(0.0_ 0.0_ 1.0)
383.9023,0.000039,0.007975,14.62547,0.000044,0.000105,-0.001607,(0.0_ 0.0_ 1.0)
383.9131,0.000039,0.007975,14.70123,0.000044,0.000105,-0.001607,(0.0_ 0.0_ 1.0)
383.9238,0.000039,0.007975,14.77599,0.000054,0.000109,0.00131,(0.0_ 0.0_ 1.0)
383.9352,0.000039,0.007975,14.85594,0.000054,0.000109,0.00131,(0.0_ 0.0_ 1.0)
383.946,0.00004,0.007975,14.93169,0.000047,0.000104,-0.000825,(0.0_ 0.0_ 1.0)
383.9575,0.00004,0.007975,15.01182,0.000047,0.000104,-0.000825,(0.0_ 0.0_ 1.0)
383.9682,0.00004,0.007975,15.08733,0.00005,0.000104,0.000377,(0.0_ 0.0_ 1.0)
383.9796,0.00004,0.007975,15.16656,0.00005,0.000104,0.000377,(0.0_ 0.0_ 1.0)
383.9903,0.00004,0.007975,15.24156,0.00005,0.000102,0.000065,(0.0_ 0.0_ 1.0)
384.0017,0.00004,0.007975,15.32139,0.000056,0.000105,0.001746,(0.0_ 0.0_ 1.0)
384.0132,0.00004,0.007975,15.40234,0.000056,0.000105,0.001746,(0.0_ 0.0_ 1.0)
384.0239,0.000041,0.007975,15.47678,0.000046,0.000097,-0.001269,(0.0_ 0.0_ 1.0)
384.0354,0.000041,0.007975,15.55743,0.000046,0.000097,-0.001269,(0.0_ 0.0_ 1.0)
384.0462,0.000041,0.007975,15.63295,0.000052,0.0001,0.000806,(0.0_ 0.0_ 1.0)
384.0575,0.000041,0.007975,15.71199,0.000052,0.0001,0.000806,(0.0_ 0.0_ 1.0)
384.0683,0.000041,0.007975,15.78801,0.000048,0.000096,-0.000341,(0.0_ 0.0_ 1.0)
384.0823,0.000041,0.007975,15.88581,0.000055,0.000099,0.001614,(0.0_ 0.0_ 1.0)
384.0908,0.000041,0.007975,15.94535,0.000055,0.000099,0.001614,(0.0_ 0.0_ 1.0)
384.1018,0.000042,0.007975,16.02233,0.000044,0.000091,-0.001703,(0.0_ 0.0_ 1.0)
384.1135,0.000042,0.007975,16.10437,0.000044,0.000091,-0.001703,(0.0_ 0.0_ 1.0)
384.124,0.000042,0.007975,16.17772,0.000053,0.000096,0.001259,(0.0_ 0.0_ 1.0)
384.1357,0.000042,0.007975,16.25955,0.000053,0.000096,0.001259,(0.0_ 0.0_ 1.0)
384.1464,0.000042,0.007975,16.33478,0.000047,0.00009,-0.000735,(0.0_ 0.0_ 1.0)
384.1576,0.000042,0.007975,16.41294,0.000047,0.00009,-0.000735,(0.0_ 0.0_ 1.0)
384.1687,0.000042,0.007975,16.49083,0.000051,0.000091,0.000273,(0.0_ 0.0_ 1.0)
384.1794,0.000042,0.007975,16.56517,0.000051,0.000091,0.000273,(0.0_ 0.0_ 1.0)
384.1905,0.000043,0.007975,16.6434,0.000049,0.000089,0.00012,(0.0_ 0.0_ 1.0)
384.2023,0.000043,0.007975,16.72605,0.000054,0.000091,0.001608,(0.0_ 0.0_ 1.0)
384.2134,0.000043,0.007975,16.8039,0.000054,0.000091,0.001608,(0.0_ 0.0_ 1.0)
384.2239,0.000043,0.007975,16.87701,0.000045,0.000084,-0.001262,(0.0_ 0.0_ 1.0)
384.2354,0.000043,0.007975,16.95756,0.000045,0.000084,-0.001262,(0.0_ 0.0_ 1.0)
384.2461,0.000043,0.007975,17.03238,0.000053,0.000087,0.000822,(0.0_ 0.0_ 1.0)
384.2574,0.000043,0.007975,17.11176,0.000053,0.000087,0.000822,(0.0_ 0.0_ 1.0)
384.2686,0.000044,0.007975,17.19009,0.000049,0.000083,-0.000276,(0.0_ 0.0_ 1.0)
384.2819,0.000044,0.007975,17.28294,0.000056,0.000086,0.001702,(0.0_ 0.0_ 1.0)
384.2914,0.000044,0.007975,17.34916,0.000056,0.000086,0.001702,(0.0_ 0.0_ 1.0)
384.3021,0.000044,0.007975,17.42435,0.000044,0.000078,-0.001639,(0.0_ 0.0_ 1.0)
384.3136,0.000044,0.007975,17.50469,0.000044,0.000078,-0.001639,(0.0_ 0.0_ 1.0)
384.324,0.000044,0.007975,17.57764,0.000054,0.000082,0.001263,(0.0_ 0.0_ 1.0)
384.336,0.000044,0.007975,17.6615,0.000054,0.000082,0.001263,(0.0_ 0.0_ 1.0)
384.3464,0.000045,0.007975,17.73475,0.000047,0.000077,-0.000737,(0.0_ 0.0_ 1.0)
384.3578,0.000045,0.007975,17.81454,0.000047,0.000077,-0.000737,(0.0_ 0.0_ 1.0)
384.3683,0.000045,0.007975,17.88784,0.000049,0.000078,0.000361,(0.0_ 0.0_ 1.0)
384.3798,0.000045,0.007975,17.96852,0.000049,0.000078,0.000361,(0.0_ 0.0_ 1.0)
384.3907,0.000045,0.007975,18.04453,0.000049,0.000076,0.000152,(0.0_ 0.0_ 1.0)
384.4024,0.000045,0.007975,18.12632,0.000055,0.000078,0.001599,(0.0_ 0.0_ 1.0)
384.4141,0.000045,0.007975,18.20817,0.000055,0.000078,0.001599,(0.0_ 0.0_ 1.0)
384.4243,0.000045,0.007975,18.27971,0.000045,0.000071,-0.001182,(0.0_ 0.0_ 1.0)
384.4358,0.000045,0.007975,18.36039,0.000045,0.000071,-0.001182,(0.0_ 0.0_ 1.0)
384.4466,0.000045,0.007975,18.43604,0.000051,0.000073,0.000713,(0.0_ 0.0_ 1.0)
384.4576,0.000046,0.007975,18.51329,0.000051,0.000073,0.000713,(0.0_ 0.0_ 1.0)
384.4686,0.000046,0.007975,18.58988,0.000049,0.000069,-0.000282,(0.0_ 0.0_ 1.0)
384.4822,0.000046,0.007975,18.68536,0.000056,0.000072,0.00163,(0.0_ 0.0_ 1.0)
384.4912,0.000046,0.007975,18.74837,0.000056,0.000072,0.00163,(0.0_ 0.0_ 1.0)
384.5018,0.000046,0.007975,18.82263,0.000043,0.000064,-0.00169,(0.0_ 0.0_ 1.0)
384.5134,0.000046,0.007975,18.90357,0.000043,0.000064,-0.00169,(0.0_ 0.0_ 1.0)
384.5242,0.000046,0.007975,18.97918,0.000053,0.000069,0.001218,(0.0_ 0.0_ 1.0)
384.5357,0.000046,0.007975,19.05973,0.000053,0.000069,0.001218,(0.0_ 0.0_ 1.0)
384.5465,0.000047,0.007975,19.13525,0.000047,0.000063,-0.00072,(0.0_ 0.0_ 1.0)
384.5579,0.000047,0.007975,19.21514,0.000047,0.000063,-0.00072,(0.0_ 0.0_ 1.0)
384.5689,0.000047,0.007975,19.29198,0.00005,0.000064,0.000238,(0.0_ 0.0_ 1.0)
384.5809,0.000047,0.007975,19.37581,0.000042,0.000059,-0.001899,(0.0_ 0.0_ 1.0)
384.5915,0.000047,0.007975,19.45031,0.000042,0.000059,-0.001899,(0.0_ 0.0_ 1.0)
384.6081,0.000047,0.007975,19.56659,0.000052,0.000062,0.000396,(0.0_ 0.0_ 1.0)
384.6135,0.000047,0.007975,19.60442,0.000052,0.000062,0.000396,(0.0_ 0.0_ 1.0)
384.6252,0.000047,0.007975,19.68606,0.000046,0.000058,-0.000996,(0.0_ 0.0_ 1.0)
384.6364,0.000047,0.007975,19.76486,0.000046,0.000058,-0.000996,(0.0_ 0.0_ 1.0)
384.6475,0.000047,0.007975,19.84216,0.000051,0.000059,0.000531,(0.0_ 0.0_ 1.0)
384.6583,0.000047,0.007975,19.91789,0.000051,0.000059,0.000531,(0.0_ 0.0_ 1.0)
384.6695,0.000047,0.007975,19.99595,0.000048,0.000056,-0.000102,(0.0_ 0.0_ 1.0)
384.683,0.000047,0.007975,20.09056,0.000054,0.000059,0.001474,(0.0_ 0.0_ 1.0)
384.6913,0.000047,0.007975,20.14864,0.000054,0.000059,0.001474,(0.0_ 0.0_ 1.0)
384.7026,0.000164,0.007975,20.2278,0.000044,0.001518,-0.001538,(0.0_ 0.0_ 1.0)
384.7135,0.000386,0.007975,20.30448,0.000044,0.004389,-0.001538,(0.0_ 0.0_ 1.0)
384.7242,0.00071,0.00798,20.37951,0.000035,0.008625,-0.001197,(0.0_ 0.0_ 1.0)
384.7361,0.0012,0.00798,20.46253,0.000035,0.014379,-0.001197,(0.0_ 0.0_ 1.0)
384.7466,0.001741,0.007987,20.53632,0.000024,0.021458,-0.000805,(0.0_ 0.0_ 1.0)
384.7581,0.002452,0.007987,20.61622,0.000024,0.029975,-0.000805,(0.0_ 0.0_ 1.0)
384.7689,0.003236,0.007992,20.69175,0.000013,0.03983,-0.000453,(0.0_ 0.0_ 1.0)
384.7805,0.004215,0.007993,20.77333,0.000013,0.051134,-0.000441,(0.0_ 0.0_ 1.0)
384.7914,0.005242,0.007993,20.8493,0.000013,0.063767,-0.000441,(0.0_ 0.0_ 1.0)
384.8018,0.006339,0.007993,20.92237,0.000012,0.077667,-0.000403,(0.0_ 0.0_ 1.0)
384.8136,0.007719,0.007993,21.00505,0.000012,0.092995,-0.000403,(0.0_ 0.0_ 1.0)
384.8244,0.009099,0.007995,21.08068,0.00001,0.109616,-0.000316,(0.0_ 0.0_ 1.0)
384.836,0.010708,0.007995,21.16149,0.00001,0.127615,-0.000316,(0.0_ 0.0_ 1.0)
384.8468,0.012335,0.007996,21.23706,0.000007,0.146909,-0.000212,(0.0_ 0.0_ 1.0)
384.8577,0.0141,0.007996,21.31328,0.000007,0.167497,-0.000212,(0.0_ 0.0_ 1.0)
384.8686,0.015992,0.007998,21.38955,0.000004,0.189377,-0.000125,(0.0_ 0.0_ 1.0)
384.8801,0.018138,0.007998,21.47037,0.000004,0.212622,-0.000124,(0.0_ 0.0_ 1.0)
384.8933,0.020778,0.007998,21.56295,0.000004,0.237414,-0.000124,(0.0_ 0.0_ 1.0)
384.9016,0.022512,0.007998,21.6209,0.000004,0.263179,-0.000114,(0.0_ 0.0_ 1.0)
384.9138,0.025211,0.007998,21.70582,0.000004,0.290357,-0.000114,(0.0_ 0.0_ 1.0)
384.9237,0.027532,0.007999,21.77528,0.000003,0.318698,-0.000095,(0.0_ 0.0_ 1.0)
384.9355,0.030432,0.007998,21.85747,0.000003,0.348402,-0.000095,(0.0_ 0.0_ 1.0)
384.9462,0.03321,0.007999,21.93249,0.000002,0.379346,-0.000068,(0.0_ 0.0_ 1.0)
384.9576,0.036331,0.007999,22.01266,0.000002,0.411625,-0.000068,(0.0_ 0.0_ 1.0)
384.9687,0.039488,0.007999,22.09009,0.000001,0.44519,-0.000042,(0.0_ 0.0_ 1.0)
384.98,0.04286,0.007999,22.16913,0.000001,0.480055,-0.000042,(0.0_ 0.0_ 1.0)
384.991,0.046273,0.007999,22.24578,0.000001,0.516188,-0.000042,(0.0_ 0.0_ 1.0)
385.0016,0.049738,0.007999,22.32042,-0.000003,0.553554,-0.000038,(0.0_ 0.0_ 1.0)
385.0133,0.053684,0.007999,22.40192,-0.000003,0.592276,-0.000038,(0.0_ 0.0_ 1.0)
385.0241,0.057477,0.007999,22.47725,0.000009,0.632241,0.000069,(0.0_ 0.0_ 1.0)
385.0359,0.06182,0.007999,22.56009,0.000009,0.673586,0.000069,(0.0_ 0.0_ 1.0)
385.0468,0.065947,0.007988,22.63593,0.000014,0.716197,-0.000895,(0.0_ 0.0_ 1.0)
385.0576,0.070231,0.007988,22.71185,0.000015,0.76007,-0.000895,(0.0_ 0.0_ 1.0)
385.0685,0.074688,0.007993,22.78804,0.000009,0.805231,-0.00059,(0.0_ 0.0_ 1.0)
385.0797,0.07941,0.007993,22.866,0.00001,0.851687,-0.00059,(0.0_ 0.0_ 1.0)
385.0908,0.084281,0.007976,22.9437,0.00002,0.899423,0.001435,(0.0_ 0.0_ 1.0)
385.1046,0.090564,0.007981,23.04014,0.000014,0.948766,0.001153,(0.0_ 0.0_ 1.0)
385.1133,0.094642,0.007981,23.101,0.000013,0.999125,0.001153,(0.0_ 0.0_ 1.0)
385.1245,0.100031,0.007986,23.17885,0.000009,1.050789,0.000897,(0.0_ 0.0_ 1.0)
385.1354,0.105493,0.007986,23.25536,0.000008,1.103731,0.000897,(0.0_ 0.0_ 1.0)
385.1462,0.111043,0.00799,23.33076,0.000005,1.157933,0.000618,(0.0_ 0.0_ 1.0)
385.1577,0.117136,0.00799,23.41103,0.000005,1.213482,0.000618,(0.0_ 0.0_ 1.0)
385.1688,0.123175,0.007994,23.48827,0.000002,1.270329,0.000344,(0.0_ 0.0_ 1.0)
385.1805,0.129759,0.007995,23.57,0.000002,1.328552,0.000335,(0.0_ 0.0_ 1.0)
385.1915,0.136107,0.007995,23.64658,0.000002,1.388065,0.000335,(0.0_ 0.0_ 1.0)
385.2023,0.142542,0.007995,23.72208,0.000001,1.448859,0.000296,(0.0_ 0.0_ 1.0)
385.2137,0.149507,0.007995,23.80154,0.000001,1.511008,0.000296,(0.0_ 0.0_ 1.0)
385.224,0.155972,0.007996,23.8734,0,1.574372,0.000236,(0.0_ 0.0_ 1.0)
385.2352,0.163175,0.007996,23.95133,0,1.639049,0.000236,(0.0_ 0.0_ 1.0)
385.2468,0.170863,0.007998,24.03231,0,1.705102,0.000155,(0.0_ 0.0_ 1.0)
385.2579,0.178351,0.007998,24.10918,0,1.772456,0.000155,(0.0_ 0.0_ 1.0)
385.2686,0.185782,0.007999,24.18358,0,1.841068,0.000087,(0.0_ 0.0_ 1.0)
385.2801,0.194034,0.007999,24.26412,0,1.911039,0.000086,(0.0_ 0.0_ 1.0)
385.2913,0.202193,0.007999,24.34181,0,1.982317,0.000086,(0.0_ 0.0_ 1.0)
385.3041,0.211801,0.007999,24.43095,0,2.055094,0.000068,(0.0_ 0.0_ 1.0)
385.3136,0.219088,0.007999,24.49708,0,2.128968,0.000068,(0.0_ 0.0_ 1.0)
385.3242,0.22745,0.007999,24.57126,-0.000001,2.204072,0.000052,(0.0_ 0.0_ 1.0)
385.3365,0.23728,0.007999,24.65637,-0.000001,2.280586,0.000052,(0.0_ 0.0_ 1.0)
385.3465,0.245502,0.007999,24.72605,-0.000001,2.358242,0.000034,(0.0_ 0.0_ 1.0)
385.358,0.255112,0.007999,24.80567,-0.000001,2.437188,0.000034,(0.0_ 0.0_ 1.0)
385.3695,0.264966,0.007999,24.88554,0.000024,2.517432,-0.000212,(0.0_ 0.0_ 1.0)
385.3802,0.274336,0.007999,24.9599,0.000025,2.598837,-0.000186,(0.0_ 0.0_ 1.0)
385.3912,0.284233,0.007999,25.03682,0.000025,2.681449,-0.000186,(0.0_ 0.0_ 1.0)
385.4019,0.293937,0.007993,25.11072,0.000024,2.765207,0.000292,(0.0_ 0.0_ 1.0)
385.4135,0.304775,0.007993,25.19157,0.000024,2.850207,0.000292,(0.0_ 0.0_ 1.0)
385.424,0.31466,0.007995,25.26389,0.000027,2.936301,0.000281,(0.1_ 0.0_ 1.0)
385.4353,0.325632,0.007995,25.34258,0.000026,3.023582,0.000281,(0.1_ 0.0_ 1.0)
385.4466,0.336694,0.007996,25.4204,0.000018,3.112021,0.00019,(0.1_ 0.0_ 1.0)
385.4577,0.347901,0.007996,25.49775,0.000017,3.201596,0.00019,(0.1_ 0.0_ 1.0)
385.4686,0.359058,0.007998,25.57333,0.00001,3.292273,0.000107,(0.1_ 0.0_ 1.0)
385.4806,0.371511,0.007998,25.65611,0.000009,3.38414,0.000103,(0.1_ 0.0_ 1.0)
385.4912,0.382767,0.007998,25.7296,0.000009,3.477053,0.000103,(0.1_ 0.0_ 1.0)
385.5018,0.394196,0.007998,25.80292,0.000008,3.570999,0.000094,(0.1_ 0.0_ 1.0)
385.5161,0.409955,0.007998,25.90205,0.000008,3.666326,0.000094,(0.1_ 0.0_ 1.0)
385.524,0.418713,0.007999,25.9563,0.000006,3.7624,0.000074,(0.1_ 0.0_ 1.0)
385.5358,0.432058,0.007999,26.03752,0.000006,3.859581,0.000074,(0.1_ 0.0_ 1.0)
385.5468,0.444765,0.007999,26.11357,0.000004,3.957788,0.000048,(0.1_ 0.0_ 1.0)
385.5579,0.457768,0.007999,26.19009,0.000004,4.057017,0.000048,(0.1_ 0.0_ 1.0)
385.5689,0.470923,0.008,26.26625,0.000003,4.157251,0.000024,(0.1_ 0.0_ 1.0)
385.5805,0.485017,0.008,26.34651,0.000002,4.258534,0.000024,(0.1_ 0.0_ 1.0)
385.5913,0.498252,0.008,26.42069,0.000002,4.360775,0.000024,(0.1_ 0.0_ 1.0)
385.6021,0.511706,0.008,26.49492,0.000002,4.463965,0.000021,(0.1_ 0.0_ 1.0)
385.6137,0.526408,0.008,26.57476,0.000002,4.568166,0.000021,(0.1_ 0.0_ 1.0)
385.6246,0.54044,0.008,26.64979,0.000002,4.673306,0.000014,(0.1_ 0.0_ 1.0)
385.636,0.555267,0.008,26.72787,0.000001,4.779413,0.000015,(0.1_ 0.0_ 1.0)
385.6469,0.569779,0.008,26.80314,0.000001,4.886443,0.000008,(0.1_ 0.0_ 1.0)
385.6583,0.585142,0.008,26.88165,0.000001,4.994423,0.000008,(0.1_ 0.0_ 1.0)
385.6691,0.599803,0.007983,26.95547,0.000012,5.103292,-0.001323,(0.1_ 0.0_ 1.0)
385.6805,0.615581,0.007983,27.03377,0.000015,5.213087,-0.00124,(0.1_ 0.0_ 1.0)
385.6914,0.630891,0.007983,27.10865,0.000018,5.323761,-0.00124,(0.1_ 0.0_ 1.0)
385.7022,0.64624,0.007984,27.18268,0.000018,5.435284,-0.001097,(0.1_ 0.0_ 1.0)
385.716,0.666124,0.007984,27.27715,0.00002,5.547865,-0.001097,(0.1_ 0.0_ 1.0)
385.7242,0.678177,0.007987,27.33369,0.000018,5.661061,-0.000868,(0.1_ 0.0_ 1.0)
385.7361,0.695665,0.007987,27.4146,0.000019,5.775134,-0.000868,(0.1_ 0.0_ 1.0)
385.7471,0.712203,0.007992,27.49009,0.000014,5.89,-0.000565,(0.1_ 0.0_ 1.0)
385.7583,0.729205,0.007992,27.56668,0.000015,6.005643,-0.000565,(0.1_ 0.0_ 1.0)
385.7691,0.745694,0.007995,27.64001,0.000009,6.122007,-0.000313,(0.1_ 0.0_ 1.0)
385.7805,0.763521,0.007995,27.71828,0.000009,6.239114,-0.000304,(0.1_ 0.0_ 1.0)
385.7915,0.780762,0.007995,27.79303,0.00001,6.356896,-0.000304,(0.1_ 0.0_ 1.0)
385.8025,0.79821,0.007996,27.86775,0.000009,6.475337,-0.000268,(0.1_ 0.0_ 1.0)
385.8142,0.817117,0.007996,27.94775,0.00001,6.594413,-0.000268,(0.1_ 0.0_ 1.0)
385.8244,0.833717,0.007997,28.01717,0.000008,6.714002,-0.000212,(0.1_ 0.0_ 1.0)
385.8362,0.853049,0.007997,28.0971,0.000009,6.834151,-0.000212,(0.1_ 0.0_ 1.0)
385.8468,0.870745,0.007998,28.16945,0.000006,6.954747,-0.000142,(0.1_ 0.0_ 1.0)
385.8578,0.889289,0.007998,28.24444,0.000007,7.075778,-0.000142,(0.1_ 0.0_ 1.0)
385.8689,0.908023,0.007999,28.3194,0.000004,7.197159,-0.000082,(0.1_ 0.0_ 1.0)
385.8806,0.928198,0.007999,28.39931,0.000004,7.318882,-0.00008,(0.1_ 0.0_ 1.0)
385.8918,0.947468,0.007999,28.47485,0.000004,7.440893,-0.00008,(0.1_ 0.0_ 1.0)
385.9024,0.966009,0.007999,28.54683,-0.000002,7.563108,-0.000069,(0.1_ 0.0_ 1.0)
385.9161,0.990107,0.007999,28.63949,-0.000002,7.685552,-0.000069,(0.1_ 0.0_ 1.0)
385.9244,1.004989,0.007999,28.69619,-0.000001,7.808084,-0.000055,(0.1_ 0.0_ 1.0)
385.9359,1.025609,0.007999,28.77405,-0.000001,7.930696,-0.000055,(0.1_ 0.0_ 1.0)
385.9471,1.045674,0.007999,28.84916,-0.000001,8.053353,-0.000038,(0.1_ 0.0_ 1.0)
385.9583,1.066176,0.007999,28.92525,-0.000001,8.175996,-0.000038,(0.1_ 0.0_ 1.0)
385.9691,1.086015,0.008,28.99826,-0.000001,8.298602,-0.000024,(0.1_ 0.0_ 1.0)
385.9806,1.107298,0.007999,29.07597,0,8.421097,0.00007,(0.1_ 0.0_ 1.0)
385.9916,1.127686,0.007999,29.14983,0,8.543462,0.00007,(0.1_ 0.0_ 1.0)
386.0021,1.147515,0.007999,29.2211,0,8.665684,0.000077,(0.2_ 0.0_ 1.0)
386.0141,1.17005,0.007999,29.30151,0,8.787708,0.000077,(0.2_ 0.0_ 1.0)
386.0244,1.189758,0.007999,29.3713,-0.000001,8.90954,0.000059,(0.2_ 0.0_ 1.0)
386.0358,1.211458,0.007999,29.44759,-0.000001,9.031154,0.000059,(0.2_ 0.0_ 1.0)
386.0468,1.232627,0.007999,29.52149,-0.000001,9.152524,0.000039,(0.2_ 0.0_ 1.0)
386.0581,1.254756,0.007999,29.5982,-0.000001,9.27363,0.000039,(0.2_ 0.0_ 1.0)
386.0689,1.275758,0.008,29.67051,0,9.394446,0.000019,(0.2_ 0.0_ 1.0)
386.0805,1.298592,0.008,29.7486,0,9.514953,0.000019,(0.2_ 0.0_ 1.0)
386.0911,1.31953,0.008,29.81973,0,9.635168,0.000019,(0.2_ 0.0_ 1.0)
386.1023,1.341764,0.008,29.89476,0,9.755068,0.000016,(0.2_ 0.0_ 1.0)
386.1139,1.364981,0.008,29.97261,0,9.874644,0.000016,(0.2_ 0.0_ 1.0)
386.127,1.391252,0.008,30.06015,0,9.993848,0.000008,(0.2_ 0.0_ 1.0)
386.1358,1.409088,0.008,30.11919,0,10.1128,0.000008,(0.2_ 0.0_ 1.0)
386.1468,1.431546,0.008,30.19306,0,10.23145,0.000003,(0.2_ 0.0_ 1.0)
386.1579,1.454301,0.008,30.26743,0,10.34979,0.000003,(0.2_ 0.0_ 1.0)
386.1689,1.477022,0.008,30.34123,0,10.46782,0,(0.2_ 0.0_ 1.0)
386.1807,1.501377,0.008,30.41984,0,10.58555,0,(0.2_ 0.0_ 1.0)
386.1913,1.523419,0.008,30.49054,0,10.70301,0,(0.2_ 0.0_ 1.0)
386.2025,1.546903,0.007989,30.5654,0.00003,10.82019,0,(0.2_ 0.0_ 1.0)
386.2139,1.570854,0.007988,30.64128,0.00003,10.93709,0,(0.2_ 0.0_ 1.0)
386.2245,1.593417,0.007991,30.71232,0.000023,11.05373,-0.000002,(0.2_ 0.0_ 1.0)
386.2362,1.61828,0.007991,30.79013,0.000023,11.1701,-0.000002,(0.2_ 0.0_ 1.0)
386.2469,1.641136,0.007994,30.86122,0.000015,11.28623,-0.000005,(0.2_ 0.0_ 1.0)
386.2583,1.665831,0.007994,30.93756,0.000015,11.4021,-0.000005,(0.2_ 0.0_ 1.0)
386.269,1.689012,0.007997,31.00879,0.000008,11.51774,-0.000005,(0.2_ 0.0_ 1.0)
386.2806,1.714364,0.007997,31.08622,0.000008,11.63312,-0.000005,(0.2_ 0.0_ 1.0)
386.2917,1.738484,0.007997,31.15945,0.000008,11.74828,-0.000005,(0.2_ 0.0_ 1.0)
386.3024,1.762076,0.007997,31.23065,0.000007,11.8632,-0.000005,(0.2_ 0.0_ 1.0)
386.3141,1.788113,0.007997,31.30876,0.000007,11.97789,-0.000005,(0.2_ 0.0_ 1.0)
386.3264,1.815408,0.007998,31.39018,0.000004,12.09232,-0.000005,(0.2_ 0.0_ 1.0)
386.3359,1.836575,0.007998,31.45293,0.000004,12.20656,-0.000005,(0.2_ 0.0_ 1.0)
386.3468,1.86124,0.007999,31.52564,0.000003,12.32057,-0.000004,(0.2_ 0.0_ 1.0)
386.3581,1.886741,0.007999,31.60038,0.000003,12.43437,-0.000004,(0.2_ 0.0_ 1.0)
386.369,1.911529,0.007999,31.6726,0.000001,12.54795,-0.000003,(0.2_ 0.0_ 1.0)
386.3807,1.938208,0.007999,31.7499,0.000001,12.6613,-0.000004,(0.2_ 0.0_ 1.0)
386.3916,1.963223,0.007999,31.82196,0.000001,12.77443,-0.000004,(0.2_ 0.0_ 1.0)
386.4025,1.988445,0.007999,31.89421,0.000001,12.88734,-0.000004,(0.2_ 0.0_ 1.0)
386.4141,2.015255,0.007999,31.97059,0.000001,13.00002,-0.000004,(0.2_ 0.0_ 1.0)
386.4246,2.0397,0.008,32.03983,0,13.11249,-0.000004,(0.2_ 0.0_ 1.0)
386.4361,2.066689,0.008,32.11586,0,13.22475,-0.000004,(0.2_ 0.0_ 1.0)
386.4473,2.093092,0.008,32.18983,0.000001,13.33677,-0.000004,(0.2_ 0.0_ 1.0)
386.4583,2.118878,0.008,32.26168,0.000001,13.44858,-0.000004,(0.2_ 0.0_ 1.0)
386.4694,2.145456,0.008,32.33533,0.000001,13.56016,-0.000005,(0.2_ 0.0_ 1.0)
386.4809,2.172809,0.008,32.41074,0.000001,13.6715,-0.000005,(0.2_ 0.0_ 1.0)
386.4916,2.198498,0.008,32.48117,0.000001,13.78262,-0.000005,(0.2_ 0.0_ 1.0)
386.5023,2.224355,0.007996,32.55169,0.000003,13.89352,0.000336,(0.2_ 0.0_ 1.0)
386.5139,2.252324,0.007996,32.62756,0.000002,14.00418,0.000336,(0.2_ 0.0_ 1.0)
386.5246,2.27842,0.007997,32.69799,0.000026,14.11462,0.000294,(0.2_ 0.0_ 1.0)
386.538,2.311079,0.007997,32.78568,0.000025,14.22478,0.000294,(0.2_ 0.0_ 1.0)
386.5468,2.332839,0.007985,32.8438,0.000026,14.33477,-0.000823,(0.2_ 0.0_ 1.0)
386.5584,2.361355,0.007985,32.91957,0.000027,14.44453,-0.000823,(0.2_ 0.0_ 1.0)
386.5688,2.387132,0.007992,32.98771,0.000017,14.55408,-0.000544,(0.3_ 0.0_ 1.0)
386.5806,2.416363,0.007992,33.06459,0.000017,14.6634,-0.000529,(0.3_ 0.0_ 1.0)
386.5974,2.45834,0.007992,33.17447,0.000018,14.77239,-0.000529,(0.3_ 0.0_ 1.0)
386.6027,2.4717,0.007993,33.20926,0.000017,14.88128,-0.00046,(0.3_ 0.0_ 1.0)
386.615,2.502806,0.007993,33.28984,0.000018,14.98994,-0.00046,(0.3_ 0.0_ 1.0)
386.6255,2.529465,0.007995,33.35856,0.000013,15.0984,-0.000336,(0.3_ 0.0_ 1.0)
386.6367,2.557857,0.007995,33.43137,0.000014,15.20665,-0.000335,(0.3_ 0.0_ 1.0)
386.6476,2.585707,0.007997,33.50245,0.000009,15.3147,-0.000211,(0.3_ 0.0_ 1.0)
386.6588,2.614436,0.007997,33.57541,0.000009,15.42255,-0.000211,(0.3_ 0.0_ 1.0)
386.6695,2.641976,0.007998,33.64499,0.000005,15.53021,-0.000114,(0.3_ 0.0_ 1.0)
386.6811,2.671792,0.007998,33.71996,0.000005,15.63767,-0.000108,(0.3_ 0.0_ 1.0)
386.6921,2.700446,0.007998,33.79166,0.000005,15.74493,-0.000108,(0.3_ 0.0_ 1.0)
386.7026,2.728012,0.007999,33.86031,0.000005,15.85201,-0.000095,(0.3_ 0.0_ 1.0)
386.7144,2.758776,0.007999,33.93655,0.000005,15.95887,-0.000095,(0.3_ 0.0_ 1.0)
386.7248,2.786095,0.007999,34.00392,0.000004,16.06555,-0.000073,(0.3_ 0.0_ 1.0)
386.7385,2.822255,0.007999,34.09269,0.000004,16.17198,-0.000073,(0.3_ 0.0_ 1.0)
386.747,2.844949,0.007999,34.14813,0.000002,16.27827,-0.00005,(0.3_ 0.0_ 1.0)
386.7586,2.875831,0.007999,34.22322,0.000002,16.38435,-0.00005,(0.3_ 0.0_ 1.0)
386.769,2.903455,0.007983,34.29007,0.00001,16.49025,0.001291,(0.3_ 0.0_ 1.0)
386.7807,2.93493,0.007984,34.36588,0.000013,16.59595,0.001253,(0.3_ 0.0_ 1.0)
386.7914,2.96382,0.007984,34.43514,0.000011,16.70145,0.001253,(0.3_ 0.0_ 1.0)
386.8024,2.993524,0.007982,34.50603,0.000011,16.80675,0.000737,(0.3_ 0.0_ 1.0)
386.8139,3.024923,0.007982,34.58062,0.00001,16.91183,0.000737,(0.3_ 0.0_ 1.0)
386.8246,3.053849,0.007986,34.64903,0.000007,17.01673,0.000537,(0.3_ 0.0_ 1.0)
386.8357,3.084339,0.007986,34.72081,0.000006,17.1214,0.000537,(0.3_ 0.0_ 1.0)
386.8468,3.114892,0.007991,34.79242,0.000003,17.22586,0.000352,(0.3_ 0.0_ 1.0)
386.8581,3.146095,0.007991,34.86523,0.000002,17.33009,0.000352,(0.3_ 0.0_ 1.0)
386.8692,3.176827,0.007995,34.93663,0.000001,17.43409,0.000187,(0.3_ 0.0_ 1.0)
386.8806,3.208492,0.007996,35.00988,0.000001,17.53785,0.00018,(0.3_ 0.0_ 1.0)
386.8915,3.238798,0.007996,35.07968,0.000001,17.64138,0.00018,(0.3_ 0.0_ 1.0)
386.9022,3.26866,0.007996,35.14816,0,17.74467,0.00016,(0.3_ 0.0_ 1.0)
386.9142,3.302548,0.007996,35.22555,0,17.84769,0.00016,(0.3_ 0.0_ 1.0)
386.925,3.332933,0.007997,35.29465,0,17.95046,0.000119,(0.3_ 0.0_ 1.0)
386.9378,3.369133,0.007997,35.37665,-0.000001,18.05291,0.000119,(0.3_ 0.0_ 1.0)
386.947,3.39517,0.007998,35.43538,-0.000001,18.15514,0.000074,(0.3_ 0.0_ 1.0)
386.9582,3.426947,0.007998,35.50676,-0.000001,18.25709,0.000074,(0.3_ 0.0_ 0.9)
386.9692,3.458315,0.007999,35.57695,-0.000001,18.35874,0.000039,(0.3_ 0.0_ 0.9)
386.9805,3.490902,0.007999,35.64958,-0.000001,18.46008,0.000037,(0.3_ 0.0_ 0.9)
386.9916,3.522743,0.007999,35.72027,-0.000001,18.56111,0.000037,(0.3_ 0.0_ 0.9)
387.0022,3.553237,0.007999,35.7877,-0.000001,18.66185,0.000033,(0.3_ 0.0_ 0.9)
387.014,3.587398,0.007999,35.86296,-0.000001,18.76223,0.000033,(0.3_ 0.0_ 0.9)
387.0246,3.618294,0.007999,35.93077,0,18.8623,0.000023,(0.3_ 0.0_ 0.9)
387.0357,3.650486,0.007999,36.00115,0,18.96205,0.000023,(0.3_ 0.0_ 0.9)
387.0471,3.683839,0.008,36.07381,0,19.06144,0.000013,(0.3_ 0.0_ 0.9)
387.0581,3.716091,0.008,36.14381,0,19.16049,0.000013,(0.3_ 0.0_ 0.9)
387.0691,3.74825,0.008,36.21336,-0.000001,19.25918,0.000004,(0.3_ 0.0_ 0.9)
387.0805,3.782036,0.007999,36.28617,0,19.35751,-0.000077,(0.3_ 0.0_ 0.9)
387.0914,3.813994,0.007999,36.35479,0,19.45549,-0.000077,(0.3_ 0.0_ 0.9)
387.1026,3.84741,0.007995,36.4263,0.000005,19.55308,0.00024,(0.3_ 0.0_ 0.9)
387.1141,3.881483,0.007995,36.49896,0.000005,19.65029,0.00024,(0.3_ 0.0_ 0.9)
387.1245,3.912567,0.007997,36.56502,0.000003,19.74712,0.000211,(0.3_ 0.0_ 0.9)
387.1363,3.947596,0.007997,36.63922,0.000003,19.84353,0.000211,(0.3_ 0.0_ 0.9)
387.1492,3.986305,0.007998,36.72095,0.000001,19.93948,0.000113,(0.3_ 0.0_ 0.9)
387.1582,4.013488,0.007998,36.77816,0.000001,20.0351,0.000113,(0.3_ 0.0_ 0.9)
387.169,4.045877,0.007999,36.84609,0,20.13031,0.000059,(0.3_ 0.0_ 0.9)
387.1806,4.081137,0.007999,36.91982,0,20.22506,0.000057,(0.3_ 0.0_ 0.9)
387.1917,4.114674,0.007999,36.98973,0,20.31936,0.000057,(0.3_ 0.0_ 0.9)
387.2025,4.147286,0.007999,37.0575,0,20.41322,0.00005,(0.3_ 0.0_ 0.9)
387.214,4.18226,0.007999,37.12997,0,20.5066,0.00005,(0.4_ 0.0_ 0.9)
387.2248,4.21541,0.007999,37.19845,0,20.59953,0.000037,(0.4_ 0.0_ 0.9)
387.2364,4.25065,0.007999,37.27104,0,20.69197,0.000037,(0.4_ 0.0_ 0.9)
387.2469,4.283132,0.008,37.33774,0,20.78394,0.000022,(0.4_ 0.0_ 0.9)
387.258,4.31707,0.008,37.40725,0,20.87543,0.000022,(0.4_ 0.0_ 0.9)
387.2689,4.350481,0.008,37.47548,0,20.96643,0.000011,(0.4_ 0.0_ 0.9)
387.2807,4.386957,0.008,37.54977,0,21.0569,0.00001,(0.4_ 0.0_ 0.9)
387.2914,4.420206,0.008,37.61731,0,21.14687,0.00001,(0.4_ 0.0_ 0.9)
387.3025,4.454582,0.008,37.68695,0,21.23634,0.000009,(0.4_ 0.0_ 0.9)
387.3143,4.491058,0.008,37.76065,0,21.32526,0.000009,(0.4_ 0.0_ 0.9)
387.3248,4.52378,0.008,37.8266,0,21.41367,0.000005,(0.4_ 0.0_ 0.9)
387.3362,4.559324,0.008,37.89805,0,21.50154,0.000005,(0.4_ 0.0_ 0.9)
387.3472,4.593789,0.008,37.96716,0.00002,21.58889,-0.000172,(0.4_ 0.0_ 0.9)
387.3603,4.634601,0.007999,38.04881,0.00002,21.6756,-0.000132,(0.4_ 0.0_ 0.9)
387.369,4.662021,0.007999,38.10353,0.00002,21.76186,-0.000132,(0.4_ 0.0_ 0.9)
387.3802,4.697281,0.007998,38.17371,0.00002,21.84756,-0.000072,(0.4_ 0.0_ 0.9)
387.3917,4.733387,0.007998,38.24543,0.00002,21.93267,-0.000072,(0.4_ 0.0_ 0.9)
387.4021,4.766204,0.007998,38.31046,0.000018,22.01724,-0.000041,(0.4_ 0.0_ 0.9)
387.414,4.803679,0.007998,38.38455,0.000018,22.10121,-0.000041,(0.4_ 0.0_ 0.9)
387.4247,4.83759,0.007999,38.45145,0.000014,22.18462,-0.000031,(0.4_ 0.0_ 0.9)
387.4361,4.873724,0.007999,38.52258,0.000014,22.26744,-0.000031,(0.4_ 0.0_ 0.9)
387.447,4.908342,0.007999,38.59058,0.000009,22.3497,-0.000024,(0.4_ 0.0_ 0.9)
387.4582,4.944131,0.007999,38.66074,0.000009,22.43138,-0.000024,(0.4_ 0.0_ 0.9)
387.4693,4.979372,0.008,38.72967,0.000005,22.51248,-0.000016,(0.4_ 0.0_ 0.9)
387.4806,5.015491,0.008,38.80017,0.000005,22.59298,-0.000015,(0.4_ 0.0_ 0.9)
387.4916,5.050691,0.008,38.86875,0.000005,22.6729,-0.000015,(0.4_ 0.0_ 0.9)
387.5024,5.085164,0.008,38.93577,0.000004,22.75225,-0.000014,(0.4_ 0.0_ 0.9)
387.5139,5.12209,0.008,39.00742,0.000004,22.831,-0.000014,(0.4_ 0.0_ 0.9)
387.5248,5.157127,0.008,39.07528,0.000003,22.90916,-0.000012,(0.4_ 0.0_ 0.9)
387.5362,5.193621,0.008,39.14582,0.000003,22.98671,-0.000012,(0.4_ 0.0_ 0.9)
387.5469,5.228313,0.008,39.21276,0.000002,23.06371,-0.000011,(0.4_ 0.0_ 0.9)
387.5582,5.264732,0.008,39.28289,0.000002,23.1401,-0.000011,(0.4_ 0.0_ 0.9)
387.571,5.30599,0.00798,39.36222,0.000014,23.21583,0.001604,(0.4_ 0.0_ 0.9)
387.5809,5.338192,0.00798,39.42402,0.000013,23.29103,0.001434,(0.4_ 0.0_ 0.9)
387.5916,5.372873,0.00798,39.49045,0.000011,23.36567,0.001434,(0.4_ 0.0_ 0.9)
387.6024,5.407845,0.007983,39.55731,0.000008,23.43975,0.001251,(0.4_ 0.0_ 0.9)
387.6143,5.446599,0.007983,39.63128,0.000007,23.51323,0.001251,(0.4_ 0.0_ 0.9)
387.6246,5.480024,0.007987,39.69497,0.000004,23.58618,0.000964,(0.4_ 0.0_ 0.9)
387.636,5.517029,0.007987,39.76535,0.000003,23.65855,0.000964,(0.4_ 0.0_ 0.9)
387.6468,5.55226,0.007991,39.83225,0.000001,23.73038,0.000638,(0.4_ 0.0_ 0.9)
387.6582,5.589561,0.007992,39.90296,0,23.80163,0.000638,(0.4_ 0.0_ 0.9)
387.6695,5.626435,0.007996,39.97274,-0.000001,23.87233,0.000334,(0.4_ 0.0_ 0.9)
387.6808,5.663525,0.007996,40.04282,-0.000001,23.94248,0.00032,(0.4_ 0.0_ 0.9)
387.6919,5.699775,0.007996,40.11119,-0.000002,24.01209,0.00032,(0.4_ 0.0_ 0.9)
387.7029,5.735937,0.007996,40.17929,-0.000002,24.08118,0.000274,(0.4_ 0.0_ 0.9)
387.7138,5.77196,0.007997,40.24701,-0.000002,24.14976,0.000274,(0.4_ 0.0_ 0.9)
387.7249,5.808207,0.007997,40.31504,0.000012,24.21783,0.000086,(0.4_ 0.0_ 0.9)
387.736,5.845047,0.007997,40.38407,0.000011,24.28537,0.000086,(0.4_ 0.0_ 0.9)
387.7471,5.881619,0.007998,40.45249,0.000007,24.35241,0.000048,(0.4_ 0.0_ 0.9)
387.7581,5.917899,0.007998,40.52025,0.000007,24.41896,0.000048,(0.4_ 0.0_ 0.9)
387.769,5.95398,0.007999,40.58753,0.000003,24.48502,0.000023,(0.4_ 0.0_ 0.9)
387.7829,6.000033,0.007999,40.67329,0.000003,24.55046,0.000019,(0.4_ 0.0_ 0.9)
387.792,6.030093,0.007999,40.72917,0.000003,24.61551,0.000019,(0.4_ 0.0_ 0.9)
387.8025,6.065088,0.007999,40.79412,0.000003,24.68011,0.000016,(0.4_ 0.0_ 0.9)
387.8139,6.102842,0.007999,40.86408,0.000003,24.74422,0.000016,(0.4_ 0.0_ 0.9)
387.8246,6.138453,0.007999,40.92997,0.000002,24.80789,0.000011,(0.4_ 0.0_ 0.9)
387.836,6.176648,0.007999,41.00052,0.000002,24.87107,0.000011,(0.4_ 0.0_ 0.9)
387.8472,6.213766,0.008,41.06898,0.000001,24.9338,0.000006,(0.4_ 0.0_ 0.9)
387.8586,6.251774,0.008,41.13898,0.000001,24.99607,0.000006,(0.4_ 0.0_ 0.9)
387.8694,6.288164,0.008,41.2059,0.000001,25.05789,0.000001,(0.4_ 0.0_ 0.9)
387.8811,6.327213,0.008,41.2776,0.000001,25.11925,0,(0.4_ 0.0_ 0.9)
387.8915,6.362044,0.008,41.34145,0.000001,25.1802,0,(0.4_ 0.0_ 0.9)
387.9025,6.399021,0.008,41.40913,0.000001,25.24072,0,(0.4_ 0.0_ 0.9)
387.914,6.437634,0.008,41.47971,0.000001,25.3008,0,(0.4_ 0.0_ 0.9)
387.9245,6.473114,0.008,41.54446,0,25.36047,-0.000001,(0.4_ 0.0_ 0.9)
387.936,6.511626,0.008,41.61465,0,25.41972,-0.000001,(0.4_ 0.0_ 0.9)
387.9471,6.549272,0.008,41.68315,0,25.47855,-0.000002,(0.4_ 0.0_ 0.9)
387.9583,6.587024,0.008,41.75175,0,25.53696,-0.000002,(0.4_ 0.0_ 0.9)
387.9694,6.624453,0.008,41.81966,0.000001,25.59497,-0.000003,(0.4_ 0.0_ 0.9)
387.983,6.670592,0.007986,41.90327,0.000037,25.65249,-0.000004,(0.4_ 0.0_ 0.9)
387.9915,6.699408,0.007986,41.95541,0.000037,25.70971,-0.000003,(0.4_ 0.0_ 0.9)
388.0026,6.73682,0.007988,42.02299,0.000033,25.76654,-0.000005,(0.4_ 0.0_ 0.9)
388.0139,6.775344,0.007988,42.09249,0.000033,25.82297,-0.000005,(0.4_ 0.0_ 0.9)
388.0251,6.813233,0.007991,42.16075,0.000024,25.87902,-0.000005,(0.4_ 0.0_ 0.9)
388.0363,6.851519,0.007991,42.22963,0.000024,25.93469,-0.000005,(0.4_ 0.0_ 0.9)
388.0471,6.88825,0.007994,42.29561,0.000016,25.98999,-0.000006,(0.4_ 0.0_ 0.9)
388.0585,6.926939,0.007994,42.36501,0.000016,26.04491,-0.000006,(0.4_ 0.0_ 0.9)
388.0694,6.964097,0.007997,42.43158,0.000008,26.09948,-0.000006,(0.4_ 0.0_ 0.9)
388.0812,7.004601,0.007997,42.50404,0.000008,26.15366,-0.000006,(0.4_ 0.0_ 0.9)
388.0917,7.040286,0.007997,42.56779,0.000008,26.2075,-0.000006,(0.4_ 0.0_ 0.9)
388.1028,7.078384,0.007997,42.63576,0.000007,26.26098,-0.000006,(0.4_ 0.0_ 0.9)
388.114,7.116875,0.007997,42.70434,0.000007,26.31412,-0.000006,(0.4_ 0.0_ 0.9)
388.1248,7.153603,0.007998,42.76968,0.000005,26.36692,-0.000006,(0.4_ 0.0_ 0.9)
388.1362,7.192957,0.007998,42.8396,0.000005,26.41936,-0.000006,(0.4_ 0.0_ 0.9)
388.1471,7.230482,0.007999,42.90618,0.000004,26.47148,-0.000006,(0.4_ 0.0_ 0.9)
388.1587,7.270255,0.007999,42.97666,0.000004,26.52324,-0.000006,(0.4_ 0.0_ 0.9)
388.1693,7.306814,0.007999,43.04136,0.000002,26.57469,-0.000006,(0.4_ 0.0_ 0.9)
388.1807,7.346123,0.007999,43.11082,0.000002,26.6258,-0.000006,(0.4_ 0.0_ 0.9)
388.1935,7.39042,0.007999,43.18901,0.000002,26.67654,-0.000006,(0.4_ 0.0_ 0.9)
388.2025,7.42136,0.007999,43.24355,0.000002,26.72702,-0.000006,(0.4_ 0.0_ 0.9)
388.2144,7.46252,0.007999,43.316,0.000002,26.77716,-0.000006,(0.5_ 0.0_ 0.9)
388.2249,7.498924,0.008,43.38,0.000001,26.82701,-0.000005,(0.5_ 0.0_ 0.9)
388.2363,7.538386,0.008,43.44928,0.000001,26.87654,-0.000005,(0.5_ 0.0_ 0.9)
388.2473,7.576442,0.008,43.51601,0.000001,26.92576,-0.000006,(0.5_ 0.0_ 0.9)
388.2584,7.615016,0.008,43.58356,0.000001,26.97469,-0.000006,(0.5_ 0.0_ 0.9)
388.2692,7.652629,0.008,43.64934,0.000001,27.02332,-0.000006,(0.5_ 0.0_ 0.9)
388.2809,7.693183,0.008,43.72018,0.000001,27.07164,-0.000006,(0.5_ 0.0_ 0.9)
388.2917,7.730731,0.008,43.78568,0.000001,27.11967,-0.000006,(0.5_ 0.0_ 0.9)
388.303,7.770168,0.008,43.85439,-0.000007,27.16741,-0.000004,(0.5_ 0.0_ 0.9)
388.3145,7.810108,0.008,43.92389,-0.000007,27.21486,-0.000004,(0.5_ 0.0_ 0.9)
388.3248,7.846187,0.008,43.98658,-0.000005,27.26204,-0.000004,(0.5_ 0.0_ 0.9)
388.3367,7.887703,0.008,44.05864,-0.000005,27.30892,-0.000005,(0.5_ 0.0_ 0.9)
388.3473,7.924938,0.008,44.12319,0.000018,27.35553,0.000176,(0.5_ 0.0_ 0.9)
388.3586,7.964687,0.008,44.19201,0.000018,27.40186,0.000176,(0.5_ 0.0_ 0.9)
388.3693,8.001945,0.007984,44.25642,0.000021,27.44794,-0.00117,(0.5_ 0.0_ 0.9)
388.3808,8.042317,0.007984,44.32615,0.000021,27.49375,-0.001131,(0.5_ 0.0_ 0.9)
388.3936,8.087276,0.007984,44.40371,0.000022,27.53924,-0.001131,(0.5_ 0.0_ 0.9)
388.4026,8.11872,0.007986,44.45788,0.00002,27.58453,-0.00099,(0.5_ 0.0_ 0.9)
388.4145,8.160635,0.007986,44.53001,0.00002,27.62953,-0.00099,(0.5_ 0.0_ 0.9)
388.4248,8.196955,0.007989,44.59242,0.000016,27.6743,-0.000758,(0.5_ 0.0_ 0.9)
388.4361,8.236788,0.007989,44.6608,0.000016,27.71881,-0.000758,(0.5_ 0.0_ 0.9)
388.4475,8.27716,0.007993,44.73001,0.000011,27.76307,-0.000477,(0.5_ 0.0_ 0.9)
388.4585,8.315823,0.007993,44.79622,0.000011,27.80708,-0.000477,(0.5_ 0.0_ 0.9)
388.4696,8.354998,0.007996,44.86322,0.000006,27.85084,-0.000253,(0.5_ 0.0_ 0.9)
388.4809,8.394995,0.007997,44.93154,0.000006,27.89436,-0.000242,(0.5_ 0.0_ 0.9)
388.4919,8.433985,0.007997,44.99806,0.000006,27.93764,-0.000242,(0.5_ 0.0_ 0.9)
388.5027,8.472075,0.007997,45.06297,0.000006,27.98069,-0.000211,(0.5_ 0.0_ 0.9)
388.5142,8.512877,0.007997,45.13243,0.000006,28.0235,-0.000211,(0.5_ 0.0_ 0.9)
388.5313,8.573879,0.007999,45.23617,0.000002,28.06596,-0.000097,(0.5_ 0.0_ 0.9)
388.5361,8.590747,0.007999,45.26481,0.000002,28.10831,-0.000097,(0.5_ 0.0_ 0.9)
388.5473,8.630654,0.007999,45.3325,0.000002,28.15044,-0.000063,(0.5_ 0.0_ 0.9)
388.5585,8.670422,0.007999,45.39988,0.000002,28.19234,-0.000063,(0.5_ 0.0_ 0.9)
388.5695,8.709735,0.007982,45.4664,0.000012,28.23402,0.001379,(0.5_ 0.0_ 0.9)
388.5813,8.751668,0.007983,45.53728,0.00001,28.27546,0.001301,(0.5_ 0.0_ 0.9)
388.594,8.796926,0.007983,45.6137,0.000009,28.31667,0.001301,(0.5_ 0.0_ 0.9)
388.6025,8.827289,0.007985,45.6649,0.000002,28.3577,0.001139,(0.5_ 0.0_ 0.9)
388.6142,8.869113,0.007986,45.73535,0.000001,28.39853,0.001139,(0.5_ 0.0_ 0.9)
388.6252,8.908548,0.007979,45.8017,0.000007,28.43917,0.000015,(0.5_ 0.0_ 0.9)
388.6363,8.948095,0.007979,45.86815,0.000007,28.4796,0.000015,(0.5_ 0.0_ 0.9)
388.6475,8.988216,0.007987,45.9355,0.000005,28.51985,-0.000057,(0.5_ 0.0_ 0.9)
388.6586,9.028017,0.007987,46.00222,0.000005,28.5599,-0.000057,(0.5_ 0.0_ 0.9)
388.6691,9.065632,0.007993,46.06521,0.000003,28.59977,-0.000038,(0.5_ 0.0_ 0.9)
388.6808,9.108008,0.007993,46.13609,0.000003,28.63945,-0.000037,(0.5_ 0.0_ 0.9)
388.6918,9.147397,0.007993,46.2019,0.000003,28.67894,-0.000037,(0.5_ 0.0_ 0.9)
388.7026,9.186178,0.007994,46.26661,0.000003,28.71825,-0.000033,(0.5_ 0.0_ 0.9)
388.7143,9.228325,0.007994,46.33687,0.000003,28.75737,-0.000033,(0.5_ 0.0_ 0.9)
388.7248,9.266139,0.007995,46.39983,0.000002,28.79633,-0.000026,(0.5_ 0.0_ 0.9)
388.7365,9.308381,0.007995,46.47008,0.000002,28.83512,-0.000026,(0.5_ 0.0_ 0.9)
388.7477,9.348702,0.007997,46.53706,0.000001,28.87375,-0.000019,(0.5_ 0.0_ 0.9)
388.7583,9.387032,0.007997,46.60065,0.000001,28.91222,-0.000019,(0.5_ 0.0_ 0.9)
388.7694,9.427217,0.007998,46.66725,0,28.95053,-0.000013,(0.5_ 0.0_ 0.9)
388.7815,9.471034,0.007999,46.73978,0,28.98868,-0.000013,(0.5_ 0.0_ 0.9)
388.7941,9.51687,0.007999,46.81557,0,29.02666,-0.000013,(0.5_ 0.0_ 0.9)
388.8024,9.546908,0.007999,46.86518,0,29.06454,-0.000012,(0.5_ 0.0_ 0.9)
388.8142,9.589564,0.007999,46.93554,0,29.10227,-0.000012,(0.5_ 0.0_ 0.9)
388.8248,9.62825,0.007999,46.99928,0.000001,29.13987,-0.000011,(0.5_ 0.0_ 0.9)
388.8362,9.669649,0.007999,47.0674,0.000001,29.17731,-0.000011,(0.5_ 0.0_ 0.9)
388.8472,9.709645,0.007999,47.13314,0,29.21463,-0.000009,(0.5_ 0.0_ 0.9)
388.8585,9.750811,0.007999,47.20073,0,29.25181,-0.000009,(0.5_ 0.0_ 0.9)
388.8696,9.791214,0.008,47.26699,0,29.28885,-0.000008,(0.5_ 0.0_ 0.9)
388.8813,9.833836,0.008,47.3368,0,29.32576,-0.000007,(0.5_ 0.0_ 0.9)
388.8918,9.872236,0.008,47.39963,0,29.36254,-0.000007,(0.5_ 0.0_ 0.9)
388.9025,9.911306,0.008,47.46348,0.000001,29.3992,-0.000008,(0.5_ 0.0_ 0.9)
388.9142,9.954014,0.008,47.5332,0.000001,29.43572,-0.000008,(0.5_ 0.0_ 0.9)
388.9252,9.994478,0.008,47.59917,0.000001,29.47212,-0.000007,(0.5_ 0.0_ 0.9)
388.9364,10.03542,0.008,47.66585,0.000001,29.50838,-0.000007,(0.5_ 0.0_ 0.9)
388.9475,10.07623,0.008,47.73225,0.000001,29.54453,-0.000006,(0.5_ 0.0_ 0.9)
388.9586,10.11678,0.008,47.79813,0.000001,29.58055,-0.000006,(0.5_ 0.0_ 0.9)
388.9692,10.15576,0.008,47.8614,-0.000025,29.61646,0,(0.5_ 0.0_ 0.9)
388.9809,10.19871,0.007998,47.93103,0.000063,29.65224,0,(0.5_ 0.0_ 0.9)
388.9919,10.23917,0.007998,47.99656,0.000063,29.68791,0,(0.5_ 0.0_ 0.9)
389.0049,10.28699,0.007998,48.07392,0.000047,29.72343,-0.000003,(0.5_ 0.0_ 0.9)
389.0142,10.32106,0.007998,48.12897,0.000047,29.75887,-0.000003,(0.5_ 0.0_ 0.9)
389.025,10.36107,0.007999,48.19353,0.000035,29.79418,-0.000005,(0.5_ 0.0_ 0.9)
389.0366,10.40393,0.007999,48.26264,0.000035,29.82939,-0.000005,(0.5_ 0.0_ 0.9)
389.0472,10.44308,0.007999,48.32568,0.000022,29.86448,-0.000005,(0.5_ 0.0_ 0.9)
389.0583,10.48384,0.007999,48.39124,0.000022,29.89946,-0.000005,(0.5_ 0.0_ 0.9)
389.07,10.52751,0.008,48.4614,0.00001,29.93434,-0.000006,(0.5_ 0.0_ 0.9)
389.0818,10.57094,0.008,48.5311,0.000009,29.96911,-0.000006,(0.5_ 0.0_ 0.9)
389.0918,10.60801,0.008,48.59053,0.000009,30.00381,-0.000006,(0.5_ 0.0_ 0.9)
389.1026,10.6481,0.008,48.65472,0.000008,30.03841,-0.000006,(0.5_ 0.0_ 0.9)
389.1141,10.69081,0.008,48.72303,0.000008,30.07294,-0.000006,(0.5_ 0.0_ 0.9)
389.1248,10.73057,0.008,48.78653,0.000006,30.1074,-0.000006,(0.5_ 0.0_ 0.9)
389.1361,10.77262,0.008,48.85362,0.000006,30.14179,-0.000006,(0.5_ 0.0_ 0.9)
389.1472,10.81386,0.008,48.91935,0.000004,30.17612,-0.000006,(0.5_ 0.0_ 0.9)
389.1584,10.85547,0.008,48.98557,0.000004,30.21041,-0.000006,(0.5_ 0.0_ 0.9)
389.1698,10.898,0.008,49.05318,0.000002,30.24466,-0.000006,(0.5_ 0.0_ 0.9)
389.1811,10.94011,0.008,49.12003,-0.000001,30.27889,-0.000005,(0.5_ 0.0_ 0.9)
389.1919,10.9806,0.008,49.18424,-0.000001,30.31312,-0.000005,(0.5_ 0.0_ 0.9)
389.2052,11.03029,0.008,49.26292,-0.000001,30.34734,-0.000005,(0.5_ 0.0_ 0.9)
389.2147,11.06575,0.008,49.31898,-0.000001,30.38159,-0.000005,(0.5_ 0.0_ 0.9)
389.2248,11.10352,0.008,49.37863,-0.000001,30.41589,-0.000006,(0.5_ 0.0_ 0.9)
389.2366,11.14787,0.008,49.44855,-0.000001,30.45025,-0.000006,(0.5_ 0.0_ 0.9)
389.2477,11.18955,0.007986,49.51418,0.000008,30.48468,0.001124,(0.5_ 0.0_ 0.9)
389.2583,11.22933,0.007986,49.57671,0.000008,30.51919,0.001124,(0.5_ 0.0_ 0.9)
389.2698,11.27263,0.007981,49.64466,0.000024,30.55381,-0.000445,(0.5_ 0.0_ 0.9)
389.2807,11.31373,0.007981,49.70908,0.000023,30.58854,-0.000434,(0.5_ 0.0_ 0.9)
389.2918,11.35541,0.007981,49.77428,0.000024,30.6234,-0.000434,(0.5_ 0.0_ 0.9)
389.3029,11.39751,0.007984,49.84003,0.00002,30.6584,-0.000372,(0.5_ 0.0_ 0.9)
389.3142,11.44011,0.007984,49.90646,0.000021,30.69357,-0.000372,(0.5_ 0.0_ 0.9)
389.3247,11.47986,0.007988,49.96834,0.000016,30.7289,-0.000287,(0.5_ 0.0_ 0.9)
389.3362,11.52352,0.007988,50.03618,0.000016,30.76442,-0.000287,(0.5_ 0.0_ 0.9)
389.3476,11.56661,0.007992,50.10302,0.00001,30.80012,-0.000182,(0.5_ 0.0_ 0.9)
389.3587,11.60869,0.007992,50.16817,0.00001,30.83603,-0.000182,(0.5_ 0.0_ 0.9)
389.3696,11.65027,0.007996,50.23242,0.000006,30.87215,-0.000097,(0.5_ 0.0_ 0.9)
389.381,11.6938,0.007996,50.29957,0.000006,30.90849,-0.000092,(0.5_ 0.0_ 0.9)
389.3921,11.73573,0.007996,50.36413,0.000006,30.94503,-0.000092,(0.5_ 0.0_ 0.9)
389.4054,11.78682,0.007997,50.44264,0.000004,30.98185,-0.00007,(0.5_ 0.0_ 0.9)
389.4141,11.82002,0.007997,50.49357,0.000004,31.01885,-0.00007,(0.5_ 0.0_ 0.9)
389.425,11.86164,0.007998,50.55729,0.000003,31.05609,-0.000054,(0.5_ 0.0_ 0.9)
389.4367,11.90666,0.007998,50.62608,0.000003,31.09358,-0.000054,(0.5_ 0.0_ 0.9)
389.4475,11.94794,0.007999,50.68902,0.000002,31.13129,-0.000037,(0.5_ 0.0_ 0.9)
389.4584,11.98974,0.007999,50.75264,0.000002,31.16923,-0.000037,(0.5_ 0.0_ 0.9)
389.4695,12.03284,0.007999,50.81812,0.000001,31.2074,-0.000022,(0.5_ 0.0_ 0.9)
389.4809,12.07662,0.007999,50.88449,0.000001,31.2458,-0.000021,(0.5_ 0.0_ 0.9)
389.492,12.11931,0.007999,50.94909,0.000001,31.28443,-0.000021,(0.5_ 0.0_ 0.9)
389.5031,12.16226,0.007999,51.01396,0.000001,31.32329,-0.000019,(0.5_ 0.0_ 0.9)
389.5142,12.20505,0.007999,51.07846,0.000001,31.36235,-0.000019,(0.5_ 0.0_ 0.9)
389.5248,12.24646,0.008,51.14076,0.000001,31.40162,-0.000017,(0.5_ 0.0_ 0.9)
389.5363,12.29107,0.008,51.20773,0.000001,31.44112,-0.000017,(0.5_ 0.0_ 0.9)
389.5474,12.33392,0.008,51.27194,0.000001,31.48083,-0.000012,(0.5_ 0.0_ 0.9)
389.5588,12.37847,0.008,51.33857,0.000001,31.52075,-0.000012,(0.5_ 0.0_ 0.9)
389.5697,12.42102,0.008,51.40208,0.000001,31.56088,-0.00001,(0.5_ 0.0_ 0.9)
389.5812,12.46585,0.008,51.46887,0.000001,31.60122,-0.00001,(0.5_ 0.0_ 0.9)
389.5921,12.50846,0.008,51.53222,0.000001,31.64175,-0.00001,(0.5_ 0.0_ 0.9)
389.6049,12.55856,0.008,51.60656,-0.000013,31.68252,-0.000006,(0.5_ 0.0_ 0.9)
389.6145,12.5959,0.008,51.66186,-0.000013,31.72346,-0.000006,(0.5_ 0.0_ 0.9)
389.6249,12.63693,0.008,51.72251,0.000005,31.76457,0.000116,(0.5_ 0.0_ 0.9)
389.6364,12.68184,0.008,51.78876,0.000005,31.8059,0.000116,(0.5_ 0.0_ 0.8)
389.6475,12.72547,0.007987,51.85301,0.000011,31.84741,-0.000954,(0.5_ 0.0_ 0.8)
389.6586,12.76927,0.007987,51.91737,0.000012,31.88911,-0.000954,(0.5_ 0.0_ 0.8)
389.6695,12.81229,0.007993,51.98045,0.000007,31.93101,-0.000589,(0.5_ 0.0_ 0.8)
389.6811,12.85806,0.007991,52.04744,0.000008,31.97309,-0.000385,(0.5_ 0.0_ 0.8)
389.6923,12.90244,0.007991,52.11227,0.000009,32.01536,-0.000385,(0.5_ 0.0_ 0.8)
389.7028,12.94396,0.007992,52.1728,0.000008,32.05779,-0.000313,(0.5_ 0.0_ 0.8)
389.7144,12.98996,0.007992,52.23973,0.000008,32.10041,-0.000313,(0.5_ 0.0_ 0.8)
389.7249,13.03148,0.007994,52.30003,0.000006,32.1432,-0.000238,(0.5_ 0.0_ 0.8)
389.7363,13.07696,0.007994,52.36594,0.000006,32.18618,-0.000238,(0.5_ 0.0_ 0.8)
389.7479,13.12313,0.007997,52.43273,0.000004,32.22933,-0.000149,(0.5_ 0.0_ 0.8)
389.7585,13.16558,0.007997,52.49401,0.000004,32.27265,-0.000149,(0.5_ 0.0_ 0.8)
389.7693,13.20877,0.007998,52.55624,0.000003,32.31613,-0.000083,(0.5_ 0.0_ 0.8)
389.7809,13.25488,0.007998,52.62252,0.000003,32.35978,-0.00008,(0.5_ 0.0_ 0.8)
389.7917,13.29795,0.007998,52.68433,0.000003,32.4036,-0.00008,(0.5_ 0.0_ 0.8)
389.8026,13.34203,0.007999,52.74747,0.000002,32.44758,-0.00007,(0.5_ 0.0_ 0.8)
389.8167,13.39841,0.007998,52.82806,0.000002,32.49176,-0.00007,(0.5_ 0.0_ 0.8)
389.8247,13.43068,0.007999,52.8741,0.000002,32.53606,-0.000056,(0.5_ 0.0_ 0.8)
389.8369,13.47948,0.007999,52.94357,0.000002,32.58054,-0.000056,(0.5_ 0.0_ 0.8)
389.8474,13.52201,0.007999,53.004,0.000002,32.62516,-0.000037,(0.5_ 0.0_ 0.8)
389.8586,13.56714,0.007999,53.068,0.000002,32.66994,-0.000037,(0.5_ 0.0_ 0.8)
389.8703,13.61441,0.008,53.13489,0.000001,32.71487,-0.000021,(0.5_ 0.0_ 0.8)
389.8809,13.65726,0.008,53.19542,0.000001,32.75995,-0.000021,(0.5_ 0.0_ 0.8)
389.8918,13.70121,0.008,53.25737,0.000001,32.80518,-0.000021,(0.5_ 0.0_ 0.8)
389.903,13.7466,0.008,53.32124,0.000001,32.85056,-0.000018,(0.5_ 0.0_ 0.8)
389.9143,13.79276,0.008,53.38604,0.000001,32.89609,-0.000018,(0.5_ 0.0_ 0.8)
389.9255,13.83826,0.008,53.4498,0.000001,32.94177,-0.000015,(0.5_ 0.0_ 0.8)
389.9363,13.88233,0.008,53.51143,0.000001,32.98758,-0.000015,(0.5_ 0.0_ 0.8)
389.9472,13.9267,0.008,53.57336,0.000001,33.03354,-0.000012,(0.5_ 0.0_ 0.8)
389.959,13.9749,0.008,53.6405,0.000001,33.07964,-0.000012,(0.5_ 0.0_ 0.8)
389.9693,14.01692,0.007983,53.69891,0.000012,33.12587,0.001352,(0.5_ 0.0_ 0.8)
389.981,14.06502,0.007983,53.76566,0.000012,33.17225,0.001173,(0.5_ 0.0_ 0.8)
389.992,14.11006,0.007983,53.82802,0.000011,33.21875,0.001173,(0.5_ 0.0_ 0.8)
390.0028,14.15411,0.007985,53.88889,0.000009,33.2654,0.001,(0.5_ 0.0_ 0.8)
390.0168,14.21169,0.007985,53.96829,0.000008,33.31221,0.001,(0.5_ 0.0_ 0.8)
390.0249,14.24525,0.007989,54.01448,0.000006,33.35911,0.000754,(0.5_ 0.0_ 0.8)
390.0363,14.29217,0.007989,54.07895,0.000005,33.40614,0.000754,(0.6_ 0.0_ 0.8)
390.0475,14.33823,0.007993,54.1421,0.000003,33.45332,0.000471,(0.6_ 0.0_ 0.8)
390.0587,14.38434,0.007993,54.20518,0.000002,33.50061,0.000471,(0.6_ 0.0_ 0.8)
390.0695,14.42922,0.007996,54.26646,0.000002,33.54802,0.000246,(0.6_ 0.0_ 0.8)
390.0811,14.47717,0.007997,54.3318,0.000001,33.59557,0.000232,(0.6_ 0.0_ 0.8)
390.092,14.52229,0.007997,54.39316,0.000001,33.64323,0.000232,(0.6_ 0.0_ 0.8)
390.1027,14.56694,0.007997,54.45377,0.000001,33.69102,0.0002,(0.6_ 0.0_ 0.8)
390.1145,14.61596,0.007997,54.52017,0.000001,33.73893,0.0002,(0.6_ 0.0_ 0.8)
390.125,14.65968,0.007998,54.57928,0,33.78695,0.000149,(0.6_ 0.0_ 0.8)
390.1364,14.70733,0.007998,54.64357,0,33.83508,0.000149,(0.6_ 0.0_ 0.8)
390.1477,14.75417,0.007999,54.70663,0,33.88334,0.00009,(0.6_ 0.0_ 0.8)
390.1591,14.80203,0.007999,54.77095,0,33.93172,0.00009,(0.6_ 0.0_ 0.8)
390.1697,14.84622,0.008,54.83021,0,33.9802,0.000044,(0.6_ 0.0_ 0.8)
390.1815,14.89598,0.007997,54.89682,0.000002,34.0288,-0.000191,(0.6_ 0.0_ 0.8)
390.1921,14.94032,0.007997,54.95604,0.000002,34.07752,-0.000191,(0.6_ 0.0_ 0.8)
390.2027,14.98472,0.007997,55.01523,0.000002,34.12634,-0.000186,(0.6_ 0.0_ 0.8)
390.2146,15.03487,0.007997,55.08195,0.000002,34.17526,-0.000186,(0.6_ 0.0_ 0.8)
390.2271,15.0872,0.007998,55.15144,0.000002,34.22431,-0.000125,(0.6_ 0.0_ 0.8)
390.2363,15.12618,0.007998,55.20309,0.000002,34.27345,-0.000125,(0.6_ 0.0_ 0.8)
390.2476,15.17367,0.007999,55.2659,0.000002,34.32269,-0.000081,(0.6_ 0.0_ 0.8)
390.2588,15.22134,0.007999,55.32882,0.000002,34.37204,-0.000081,(0.6_ 0.0_ 0.8)
390.2697,15.26757,0.007999,55.38971,0.000001,34.42149,-0.000044,(0.6_ 0.0_ 0.8)
390.2808,15.31456,0.007999,55.45148,-0.000001,34.47104,-0.000042,(0.6_ 0.0_ 0.8)
390.2923,15.36307,0.007999,55.51512,-0.000001,34.52069,-0.000042,(0.6_ 0.0_ 0.8)
390.3028,15.40768,0.008,55.57354,-0.000001,34.57045,-0.000037,(0.6_ 0.0_ 0.8)
390.3145,15.45774,0.008,55.63895,-0.000001,34.6203,-0.000037,(0.6_ 0.0_ 0.8)
390.3251,15.50261,0.00799,55.69746,0.000006,34.67024,0.000714,(0.6_ 0.0_ 0.8)
390.3366,15.55197,0.00799,55.76171,0.000005,34.72028,0.000714,(0.6_ 0.0_ 0.8)
390.3477,15.59923,0.007994,55.82309,0.000003,34.77042,0.000502,(0.6_ 0.0_ 0.8)
390.3587,15.64619,0.007994,55.88396,0.000002,34.82065,0.000502,(0.6_ 0.0_ 0.8)
390.3705,15.6968,0.007977,55.94944,0.000014,34.87098,-0.001389,(0.6_ 0.0_ 0.8)
390.381,15.74197,0.007978,56.00775,0.000015,34.92139,-0.001328,(0.6_ 0.0_ 0.8)
390.392,15.78892,0.007978,56.06824,0.000016,34.9719,-0.001328,(0.6_ 0.0_ 0.8)
390.4031,15.83664,0.007981,56.12961,0.000015,35.0225,-0.001128,(0.6_ 0.0_ 0.8)
390.4144,15.88542,0.007981,56.19221,0.000016,35.07318,-0.001128,(0.6_ 0.0_ 0.8)
390.425,15.93104,0.007986,56.25064,0.000012,35.12395,-0.000851,(0.6_ 0.0_ 0.8)
390.4385,15.98926,0.007986,56.32505,0.000013,35.17482,-0.000851,(0.6_ 0.0_ 0.8)
390.4477,16.0288,0.007991,56.3755,0.000008,35.22577,-0.000531,(0.6_ 0.0_ 0.8)
390.4585,16.07567,0.007991,56.43515,0.000009,35.27679,-0.000531,(0.6_ 0.0_ 0.8)
390.4696,16.12372,0.007995,56.49621,0.000005,35.3279,-0.000279,(0.6_ 0.0_ 0.8)
390.4813,16.17432,0.007996,56.56038,0.000005,35.3791,-0.000261,(0.6_ 0.0_ 0.8)
390.4923,16.2222,0.007996,56.62097,0.000005,35.43038,-0.000261,(0.6_ 0.0_ 0.8)
390.5029,16.2682,0.007996,56.67907,0.000005,35.48174,-0.000224,(0.6_ 0.0_ 0.8)
390.5147,16.31948,0.007996,56.7437,0.000005,35.53318,-0.000224,(0.6_ 0.0_ 0.8)
390.5249,16.36402,0.007997,56.79972,0.000004,35.58469,-0.000172,(0.6_ 0.0_ 0.8)
390.5364,16.41431,0.007997,56.86286,0.000004,35.63628,-0.000172,(0.6_ 0.0_ 0.8)
390.5474,16.46215,0.007998,56.92278,0.000002,35.68795,-0.000111,(0.6_ 0.0_ 0.8)
390.5646,16.53757,0.007999,57.01707,0.000002,35.73975,-0.000087,(0.6_ 0.0_ 0.8)
390.5696,16.55949,0.007999,57.04443,0.000002,35.79157,-0.000087,(0.6_ 0.0_ 0.8)
390.5818,16.6128,0.007999,57.11082,0.000002,35.84348,-0.000079,(0.6_ 0.0_ 0.8)
390.5927,16.66033,0.007999,57.16989,0.000002,35.89547,-0.000079,(0.6_ 0.0_ 0.8)
390.6036,16.70864,0.007999,57.22981,0.000002,35.94751,-0.000067,(0.6_ 0.0_ 0.8)
390.6154,16.76013,0.007999,57.29354,0.000002,35.99964,-0.000067,(0.6_ 0.0_ 0.8)
390.6255,16.80494,0.007999,57.3489,0.000001,36.05183,-0.00005,(0.6_ 0.0_ 0.8)
390.6392,16.86535,0.007999,57.42337,0.000001,36.10412,-0.00005,(0.6_ 0.0_ 0.8)
390.6476,16.9025,0.007999,57.46908,-0.00002,36.15645,-0.000029,(0.6_ 0.0_ 0.8)
390.6588,16.952,0.007999,57.52986,-0.00002,36.20885,-0.000029,(0.6_ 0.0_ 0.8)
390.6696,16.9998,0.007999,57.58843,0.000017,36.26131,0.000221,(0.6_ 0.0_ 0.8)
390.6813,17.05159,0.007997,57.65178,0.000018,36.31385,0.000026,(0.6_ 0.0_ 0.8)
390.6922,17.09993,0.007997,57.71077,0.000018,36.36646,0.000026,(0.6_ 0.0_ 0.8)
390.7026,17.14622,0.007997,57.76716,0.000015,36.41913,0.000004,(0.6_ 0.0_ 0.8)
390.7143,17.19818,0.007997,57.83031,0.000015,36.47187,0.000004,(0.6_ 0.0_ 0.8)
390.7247,17.24455,0.007998,57.88658,0.000012,36.52467,0.000001,(0.6_ 0.0_ 0.8)
390.7363,17.29613,0.007998,57.94903,0.000012,36.57753,0.000001,(0.6_ 0.0_ 0.8)
390.7475,17.34614,0.007999,58.00946,0.000007,36.63047,-0.000003,(0.6_ 0.0_ 0.8)
390.7587,17.39594,0.007999,58.06952,0.000007,36.68346,-0.000003,(0.6_ 0.0_ 0.8)
390.7694,17.44404,0.007999,58.1274,0.000004,36.73651,-0.000004,(0.6_ 0.0_ 0.8)
390.7813,17.49703,0.007999,58.19106,0.000004,36.78963,-0.000005,(0.6_ 0.0_ 0.8)
390.7915,17.5432,0.007999,58.24639,0.000004,36.8428,-0.000004,(0.6_ 0.0_ 0.8)
390.8027,17.59345,0.007999,58.30651,0.000004,36.89604,-0.000005,(0.6_ 0.0_ 0.8)
390.8142,17.64502,0.007999,58.36808,0.000004,36.94934,-0.000005,(0.6_ 0.0_ 0.8)
390.8248,17.69279,0.008,58.425,0.000003,37.00269,-0.000005,(0.6_ 0.0_ 0.8)
390.8362,17.7438,0.008,58.48566,0.000003,37.0561,-0.000005,(0.6_ 0.0_ 0.8)
390.8495,17.80386,0.008,58.55693,0.000002,37.10958,-0.000006,(0.6_ 0.0_ 0.8)
390.858,17.84239,0.008,58.60257,0.000002,37.16311,-0.000006,(0.6_ 0.0_ 0.8)
390.8692,17.89299,0.008,58.66237,0,37.21669,-0.000006,(0.6_ 0.0_ 0.8)
390.8809,17.94582,0.008,58.72469,0.000003,37.27032,0.000015,(0.6_ 0.0_ 0.8)
390.8917,17.99486,0.008,58.78242,0.000003,37.32402,0.000015,(0.6_ 0.0_ 0.8)
390.9026,18.04455,0.007995,58.84079,0.000006,37.37776,-0.000355,(0.6_ 0.0_ 0.8)
390.914,18.09635,0.007995,58.90153,0.000006,37.43156,-0.000355,(0.6_ 0.0_ 0.8)
390.9247,18.14485,0.007996,58.95827,0.000005,37.48542,-0.000308,(0.6_ 0.0_ 0.8)
390.9359,18.19571,0.007996,59.01768,0.000006,37.53933,-0.000308,(0.6_ 0.0_ 0.8)
390.9471,18.24708,0.007984,59.07754,0.000013,37.59328,0.000887,(0.6_ 0.0_ 0.8)
390.9584,18.29857,0.007984,59.13743,0.000012,37.64729,0.000887,(0.6_ 0.0_ 0.8)
390.9694,18.3487,0.007992,59.19563,0.000005,37.70134,0.000555,(0.6_ 0.0_ 0.8)
390.981,18.40156,0.007992,59.25686,0.000005,37.75545,0.000528,(0.6_ 0.0_ 0.8)
390.9917,18.45095,0.007992,59.31396,0.000004,37.80961,0.000528,(0.6_ 0.0_ 0.8)
391.0025,18.50014,0.007993,59.37071,0.000003,37.86381,0.000463,(0.6_ 0.0_ 0.8)
391.0142,18.55409,0.007993,59.43284,0.000003,37.91807,0.000463,(0.6_ 0.0_ 0.8)
391.0247,18.60234,0.007995,59.48829,0.000002,37.97237,0.000354,(0.6_ 0.0_ 0.8)
391.036,18.65429,0.007995,59.54787,0.000001,38.02673,0.000354,(0.6_ 0.0_ 0.8)
391.047,18.70491,0.007997,59.60581,0,38.08113,0.000229,(0.6_ 0.0_ 0.8)
391.0608,18.76842,0.007997,59.67835,0,38.13558,0.00022,(0.6_ 0.0_ 0.8)
391.0695,18.80851,0.007997,59.72405,0,38.19007,0.00022,(0.6_ 0.0_ 0.8)
391.0806,18.86,0.007997,59.78263,-0.000001,38.24461,0.000213,(0.6_ 0.0_ 0.8)
391.0916,18.91114,0.007997,59.8407,-0.000001,38.29919,0.000213,(0.6_ 0.0_ 0.8)
391.1026,18.96197,0.007997,59.8983,-0.000001,38.35381,0.000185,(0.6_ 0.0_ 0.8)
391.1145,19.01707,0.007997,59.96061,-0.000001,38.40848,0.000185,(0.6_ 0.0_ 0.8)
391.125,19.06568,0.007998,60.01547,-0.000001,38.4632,0.000139,(0.6_ 0.0_ 0.8)
391.1366,19.11952,0.007998,60.07611,-0.000001,38.51796,0.000139,(0.6_ 0.0_ 0.8)
391.1473,19.16955,0.007999,60.13235,0,38.57276,0.000086,(0.6_ 0.0_ 0.8)
391.1587,19.2227,0.007999,60.19197,0,38.6276,0.000086,(0.6_ 0.0_ 0.8)
391.169,19.27073,0.007999,60.24574,0,38.68248,0.000044,(0.6_ 0.0_ 0.8)
391.1811,19.32695,0.007999,60.30856,0,38.73738,0.000041,(0.6_ 0.0_ 0.8)
391.1921,19.37831,0.007999,60.36583,0,38.7923,0.000041,(0.6_ 0.0_ 0.8)
391.2027,19.42807,0.007999,60.42121,-0.000001,38.84723,0.000035,(0.6_ 0.0_ 0.8)
391.2144,19.483,0.007999,60.48223,-0.000001,38.90218,0.000035,(0.6_ 0.0_ 0.8)
391.2248,19.53149,0.008,60.53599,-0.000001,38.95715,0.000026,(0.6_ 0.0_ 0.8)
391.2367,19.58739,0.008,60.59784,-0.000001,39.01213,0.000026,(0.6_ 0.0_ 0.8)
391.2475,19.63836,0.008,60.65412,0,39.06713,0.000014,(0.6_ 0.0_ 0.8)
391.2605,19.69919,0.008,60.72116,0.000001,39.12215,0.000002,(0.6_ 0.0_ 0.8)
391.2697,19.74272,0.008,60.76903,0.000001,39.17719,0.000002,(0.6_ 0.0_ 0.8)
391.2805,19.79337,0.008,60.82464,0.000001,39.23223,0.000002,(0.6_ 0.0_ 0.8)
391.2918,19.84708,0.008,60.88349,0.000001,39.2873,0.000002,(0.6_ 0.0_ 0.8)
391.3026,19.89767,0.008,60.93881,0.000001,39.34238,0.000001,(0.6_ 0.0_ 0.8)
391.3143,19.95323,0.008,60.99944,0.000001,39.39747,0.000001,(0.6_ 0.0_ 0.8)
391.3248,20.00281,0.008,61.05345,0.000001,39.45258,-0.000001,(0.6_ 0.0_ 0.8)
391.3362,20.05685,0.008,61.11219,0.000001,39.50771,-0.000001,(0.6_ 0.0_ 0.8)
391.3477,20.11178,0.008,61.17178,0,39.56285,-0.000003,(0.6_ 0.0_ 0.8)
391.3583,20.16174,0.008,61.22588,0,39.61799,-0.000003,(0.6_ 0.0_ 0.8)
391.3692,20.21372,0.008,61.28207,0,39.67314,-0.000005,(0.6_ 0.0_ 0.8)
391.381,20.26976,0.008,61.34251,0.000003,39.72829,0.00002,(0.6_ 0.0_ 0.8)
391.3922,20.32334,0.008,61.40019,0.000003,39.78344,0.00002,(0.6_ 0.0_ 0.8)
391.4028,20.37396,0.007995,61.45458,0.000006,39.8386,-0.000379,(0.6_ 0.0_ 0.8)
391.4146,20.42999,0.007995,61.51466,0.000006,39.89376,-0.000379,(0.6_ 0.0_ 0.8)
391.4253,20.48141,0.007996,61.5697,0.000006,39.94893,-0.000319,(0.6_ 0.0_ 0.8)
391.4363,20.53389,0.007996,61.62576,0.000006,40.0041,-0.000319,(0.6_ 0.0_ 0.8)
391.4472,20.58623,0.007984,61.68157,0.000013,40.05927,0.000897,(0.6_ 0.0_ 0.8)
391.4588,20.64161,0.007984,61.7405,0.000012,40.11444,0.000897,(0.6_ 0.0_ 0.8)
391.4715,20.70263,0.007993,61.8053,0.000004,40.1696,0.000486,(0.6_ 0.0_ 0.8)
391.481,20.74839,0.007994,61.85381,0.000003,40.22477,0.000461,(0.6_ 0.0_ 0.8)
391.4919,20.80079,0.007994,61.90925,0.000003,40.27993,0.000461,(0.6_ 0.0_ 0.8)
391.5026,20.85208,0.007994,61.96341,0.000002,40.33509,0.000401,(0.6_ 0.0_ 0.8)
391.5141,20.9075,0.007995,62.02182,0.000002,40.39023,0.000401,(0.6_ 0.0_ 0.8)
391.5248,20.95922,0.007996,62.07623,0.000001,40.44537,0.000305,(0.6_ 0.0_ 0.8)
391.5365,21.01588,0.007996,62.13572,0.000001,40.50049,0.000305,(0.6_ 0.0_ 0.8)
391.5472,21.06722,0.007997,62.18952,0,40.55561,0.000194,(0.7_ 0.0_ 0.8)
391.559,21.12449,0.007997,62.24943,0,40.61073,0.000194,(0.7_ 0.0_ 0.8)
391.5692,21.17385,0.007999,62.30095,0,40.66582,0.000103,(0.7_ 0.0_ 0.8)
391.581,21.231,0.007999,62.3605,0,40.72092,0.000098,(0.7_ 0.0_ 0.8)
391.592,21.28448,0.007999,62.41612,0,40.77601,0.000098,(0.7_ 0.0_ 0.8)
391.6029,21.33722,0.007999,62.47087,0,40.83109,0.000083,(0.7_ 0.0_ 0.8)
391.6145,21.3939,0.007999,62.52959,0,40.88615,0.000083,(0.7_ 0.0_ 0.8)
391.6249,21.44456,0.007999,62.58198,0,40.94122,0.000061,(0.7_ 0.0_ 0.8)
391.6362,21.49941,0.007999,62.63858,0,40.99627,0.000061,(0.7_ 0.0_ 0.8)
391.6472,21.55289,0.007999,62.69367,0,41.05132,0.000038,(0.7_ 0.0_ 0.8)
391.6584,21.60761,0.007999,62.74993,0,41.10637,0.000038,(0.7_ 0.0_ 0.8)
391.6693,21.6612,0.008,62.80492,0,41.1614,0.000018,(0.7_ 0.0_ 0.8)
391.6829,21.72743,0.007994,62.87276,0.000003,41.21643,-0.000411,(0.7_ 0.0_ 0.8)
391.6917,21.77064,0.007994,62.91693,0.000004,41.27145,-0.000411,(0.7_ 0.0_ 0.8)
391.7025,21.82335,0.007995,62.97071,0.000004,41.32646,-0.00038,(0.7_ 0.0_ 0.8)
391.7146,21.88264,0.007995,63.03109,0.000004,41.38147,-0.00038,(0.7_ 0.0_ 0.8)
391.7247,21.93218,0.007996,63.08145,0.000003,41.43647,-0.000295,(0.7_ 0.0_ 0.7)
391.7365,21.99055,0.007996,63.14066,0.000004,41.49146,-0.000295,(0.7_ 0.0_ 0.7)
391.7476,22.04497,0.007998,63.19577,0.000002,41.54644,-0.000186,(0.7_ 0.0_ 0.7)
391.7587,22.09962,0.007998,63.251,0.000002,41.60142,-0.000186,(0.7_ 0.0_ 0.7)
391.7692,22.15127,0.007998,63.3031,-0.000024,41.65639,-0.000099,(0.7_ 0.0_ 0.7)
391.7811,22.20988,0.007998,63.36211,-0.000019,41.71135,-0.000067,(0.7_ 0.0_ 0.7)
391.7919,22.26353,0.007998,63.41602,-0.000019,41.76628,-0.000067,(0.7_ 0.0_ 0.7)
391.8026,22.31603,0.007999,63.46869,-0.000017,41.8212,-0.000057,(0.7_ 0.0_ 0.7)
391.8143,22.37415,0.007999,63.52687,-0.000017,41.8761,-0.000057,(0.7_ 0.0_ 0.7)
391.825,22.42699,0.007999,63.57968,-0.000013,41.93098,-0.000045,(0.7_ 0.0_ 0.7)
391.8362,22.48243,0.007999,63.63497,-0.000013,41.98585,-0.000045,(0.7_ 0.0_ 0.7)
391.8473,22.53752,0.007999,63.68982,-0.000008,42.0407,-0.000031,(0.7_ 0.0_ 0.7)
391.8583,22.59253,0.007999,63.74448,-0.000008,42.09554,-0.000031,(0.7_ 0.0_ 0.7)
391.8696,22.64833,0.008,63.79982,-0.000004,42.15036,-0.000019,(0.7_ 0.0_ 0.7)
391.8835,22.71773,0.008,63.86852,0.000007,42.20515,0.000071,(0.7_ 0.0_ 0.7)
391.8919,22.75964,0.008,63.90993,0.000007,42.25993,0.000071,(0.7_ 0.0_ 0.7)
391.903,22.81474,0.007994,63.96426,0.000009,42.3147,-0.000355,(0.7_ 0.0_ 0.7)
391.9142,22.87092,0.007994,64.01957,0.00001,42.36945,-0.000355,(0.7_ 0.0_ 0.7)
391.9249,22.92385,0.007996,64.07158,0.000008,42.42419,-0.000306,(0.7_ 0.0_ 0.7)
391.9366,22.98229,0.007996,64.12888,0.000008,42.47891,-0.000306,(0.7_ 0.0_ 0.7)
391.9474,23.03651,0.007997,64.18196,0.000006,42.53361,-0.000198,(0.7_ 0.0_ 0.7)
391.9586,23.09287,0.007997,64.23702,0.000006,42.5883,-0.000198,(0.7_ 0.0_ 0.7)
391.9694,23.14689,0.007999,64.2897,0.000003,42.64298,-0.000109,(0.7_ 0.0_ 0.7)
391.9811,23.20527,0.007999,64.34652,0,42.69764,-0.000103,(0.7_ 0.0_ 0.7)
391.9919,23.25969,0.007999,64.39938,0,42.75229,-0.000103,(0.7_ 0.0_ 0.7)
392.0027,23.31399,0.007999,64.45203,0,42.80693,-0.000089,(0.7_ 0.0_ 0.7)
392.0143,23.37223,0.007999,64.5084,0,42.86155,-0.000089,(0.7_ 0.0_ 0.7)
392.0251,23.42679,0.007999,64.56111,0,42.91615,-0.000069,(0.7_ 0.0_ 0.7)
392.0364,23.48371,0.007999,64.61599,0,42.97075,-0.000069,(0.7_ 0.0_ 0.7)
392.0478,23.54115,0.007999,64.67127,0,43.02531,-0.000044,(0.7_ 0.0_ 0.7)
392.0591,23.59832,0.007999,64.72619,0,43.07988,-0.000044,(0.7_ 0.0_ 0.7)
392.0696,23.65146,0.008,64.77714,0,43.13443,-0.000025,(0.7_ 0.0_ 0.7)
392.0836,23.7223,0.007993,64.84493,0.000005,43.18896,0.000516,(0.7_ 0.0_ 0.7)
392.0919,23.76417,0.007993,64.88493,0.000004,43.24348,0.000516,(0.7_ 0.0_ 0.7)
392.1026,23.8183,0.007994,64.93654,0.000003,43.29799,0.000469,(0.7_ 0.0_ 0.7)
392.1147,23.8793,0.007994,64.99458,0.000003,43.35249,0.000469,(0.7_ 0.0_ 0.7)
392.1253,23.9334,0.007986,65.04597,0.000009,43.40697,-0.000464,(0.7_ 0.0_ 0.7)
392.1367,23.99157,0.007985,65.10112,0.000009,43.46144,-0.000464,(0.7_ 0.0_ 0.7)
392.1475,24.04598,0.007991,65.15261,0.000007,43.51591,-0.000358,(0.7_ 0.0_ 0.7)
392.1586,24.10293,0.007991,65.2064,0.000007,43.57037,-0.000358,(0.7_ 0.0_ 0.7)
392.1695,24.1584,0.007995,65.25867,0.000004,43.6248,-0.000195,(0.7_ 0.0_ 0.7)
392.181,24.21699,0.007995,65.3138,0.000004,43.67922,-0.000185,(0.7_ 0.0_ 0.7)
392.1922,24.27402,0.007995,65.36736,0.000004,43.73363,-0.000185,(0.7_ 0.0_ 0.7)
392.2028,24.32817,0.007996,65.41812,0.000003,43.78802,-0.00016,(0.7_ 0.0_ 0.7)
392.2145,24.38785,0.007996,65.47396,0.000004,43.84241,-0.00016,(0.7_ 0.0_ 0.7)
392.2249,24.44129,0.007997,65.52387,0.000003,43.89679,-0.000123,(0.7_ 0.0_ 0.7)
392.2368,24.5019,0.007997,65.58037,0.000003,43.95115,-0.000123,(0.7_ 0.0_ 0.7)
392.248,24.55939,0.007998,65.63385,0.000002,44.0055,-0.000078,(0.7_ 0.0_ 0.7)
392.2585,24.61332,0.007998,65.68394,0.000002,44.05984,-0.000078,(0.7_ 0.0_ 0.7)
392.2697,24.67068,0.007999,65.7371,0.000001,44.11418,-0.000044,(0.7_ 0.0_ 0.7)
392.2832,24.74015,0.007999,65.80137,0.000001,44.1685,-0.000038,(0.7_ 0.0_ 0.7)
392.2916,24.78358,0.007999,65.84148,0.000001,44.2228,-0.000038,(0.7_ 0.0_ 0.7)
392.3031,24.8426,0.007999,65.89587,0,44.2771,-0.000033,(0.7_ 0.0_ 0.7)
392.3149,24.9036,0.007999,65.95199,0,44.33139,-0.000033,(0.7_ 0.0_ 0.7)
392.3251,24.9562,0.007999,66.00029,0.000001,44.38567,-0.000026,(0.7_ 0.0_ 0.7)
392.3362,25.01355,0.007999,66.05285,0.000001,44.43993,-0.000026,(0.7_ 0.0_ 0.7)
392.3472,25.06989,0.008,66.10439,0.000001,44.49419,-0.000019,(0.7_ 0.0_ 0.7)
392.3589,25.13075,0.008,66.15996,0.000001,44.54844,-0.000019,(0.7_ 0.0_ 0.7)
392.3696,25.18587,0.008,66.2102,0,44.60268,-0.000013,(0.7_ 0.0_ 0.7)
392.3812,25.24618,0.007998,66.26505,0.000001,44.6569,0.00017,(0.7_ 0.0_ 0.7)
392.392,25.30201,0.007998,66.31573,0.000001,44.71112,0.00017,(0.7_ 0.0_ 0.7)
392.4032,25.36026,0.007998,66.36853,0,44.76532,0.000165,(0.7_ 0.0_ 0.7)
392.4141,25.4167,0.007998,66.41958,0,44.81952,0.000165,(0.7_ 0.0_ 0.7)
392.4247,25.47188,0.00799,66.46939,0.000006,44.87371,-0.000586,(0.7_ 0.0_ 0.7)
392.4363,25.5321,0.007989,66.52366,0.000006,44.92789,-0.000586,(0.7_ 0.0_ 0.7)
392.4473,25.58945,0.007993,66.57524,0.000005,44.98206,-0.000436,(0.7_ 0.0_ 0.7)
392.4586,25.64795,0.007993,66.62775,0.000005,45.03622,-0.000436,(0.7_ 0.0_ 0.7)
392.4694,25.70421,0.007997,66.67816,0.000003,45.09037,-0.00024,(0.7_ 0.0_ 0.7)
392.4812,25.7658,0.007997,66.73325,0.000003,45.14452,-0.000226,(0.7_ 0.0_ 0.7)
392.4938,25.83186,0.007997,66.79221,0.000004,45.19865,-0.000226,(0.7_ 0.0_ 0.7)
392.5027,25.8781,0.007997,66.83341,0.000003,45.25277,-0.000197,(0.7_ 0.0_ 0.7)
392.5149,25.9423,0.007997,66.8905,0.000004,45.30688,-0.000197,(0.7_ 0.0_ 0.7)
392.525,25.99481,0.007998,66.93712,0.000003,45.361,-0.000151,(0.7_ 0.0_ 0.7)
392.5365,26.05537,0.007998,66.99078,0.000003,45.4151,-0.000151,(0.7_ 0.0_ 0.7)
392.5475,26.11292,0.007999,67.04166,0.000002,45.46919,-0.000096,(0.7_ 0.0_ 0.7)
392.5588,26.17241,0.007999,67.09416,0.000002,45.52327,-0.000096,(0.7_ 0.0_ 0.7)
392.5695,26.22841,0.007999,67.1435,0.000001,45.57734,-0.000054,(0.7_ 0.0_ 0.7)
392.5812,26.29,0.007997,67.19766,0.000002,45.63141,0.000129,(0.7_ 0.0_ 0.7)
392.598,26.37838,0.007997,67.27522,0.000002,45.68547,0.000129,(0.7_ 0.0_ 0.7)
392.6026,26.40254,0.007998,67.29639,0.000002,45.73951,0.00013,(0.7_ 0.0_ 0.7)
392.6154,26.47012,0.007998,67.35548,0.000001,45.79356,0.00013,(0.7_ 0.0_ 0.7)
392.6259,26.52521,0.007998,67.40355,0.000001,45.84759,0.000092,(0.7_ 0.0_ 0.7)
392.6372,26.58533,0.007998,67.45592,0.000001,45.90162,0.000092,(0.7_ 0.0_ 0.7)
392.6481,26.64263,0.007999,67.50574,0,45.95564,0.000054,(0.7_ 0.0_ 0.7)
392.6591,26.70067,0.007999,67.55611,0,46.00965,0.000054,(0.7_ 0.0_ 0.7)
