time,pos_x,pos_y,pos_z,rot_x,rot_y,rot_z,forward_direction
249.8939,0,0,0,0,0,0,(0.0_ 0.0_ 1.0)
249.8939,0,0,0,0,0,0,(0.0_ 0.0_ 1.0)
249.8939,0,0,0,0,0,0,(0.0_ 0.0_ 1.0)
249.8939,0,0,0,0,0,0,(0.0_ 0.0_ 1.0)
249.8939,0,0,0,0,0,0,(0.0_ 0.0_ 1.0)
249.8939,0,0,0,0,0,0,(0.0_ 0.0_ 1.0)
249.8939,0,0,0,0,0,0,(0.0_ 0.0_ 1.0)
249.8939,0,0,0,0,0,0,(0.0_ 0.0_ 1.0)
249.8939,0,0,0,0,0,0,(0.0_ 0.0_ 1.0)
249.8939,0,0,0,0,0,0,(0.0_ 0.0_ 1.0)
249.8939,0,0,0,0,0,0,(0.0_ 0.0_ 1.0)
249.8939,0,0,0,0,0,0,(0.0_ 0.0_ 1.0)
249.8939,0,0,0,0,0,0,(0.0_ 0.0_ 1.0)
249.8939,0,0,0,0,0,0,(0.0_ 0.0_ 1.0)
249.8939,0,0,0,0,0,0,(0.0_ 0.0_ 1.0)
249.8939,0,0,0,0,0,0,(0.0_ 0.0_ 1.0)
249.8939,0,0,0,0,0,0,(0.0_ 0.0_ 1.0)
249.8939,0,0,0,0,0,0,(0.0_ 0.0_ 1.0)
249.8939,0,0,0,0,0,0,(0.0_ 0.0_ 1.0)
249.8939,0,0,0,0,0,0,(0.0_ 0.0_ 1.0)
249.8939,0,0,0,0,0,0,(0.0_ 0.0_ 1.0)
249.8939,0,0,0,0,0,0,(0.0_ 0.0_ 1.0)
249.8939,0,0,0,0,0,0,(0.0_ 0.0_ 1.0)
249.8939,0,0,0,0,0,0,(0.0_ 0.0_ 1.0)
249.8939,0,0,0,0,0,0,(0.0_ 0.0_ 1.0)
249.8939,0,0,0,0,0,0,(0.0_ 0.0_ 1.0)
249.8939,0,0,0,0,0,0,(0.0_ 0.0_ 1.0)
249.8939,0,0,0,0,0,0,(0.0_ 0.0_ 1.0)
249.8939,0,0,0,0,0,0,(0.0_ 0.0_ 1.0)
249.8939,0,0,0,0,0,0,(0.0_ 0.0_ 1.0)
249.8939,0,0,0,0,0,0,(0.0_ 0.0_ 1.0)
249.8939,0,0,0,0,0,0,(0.0_ 0.0_ 1.0)
249.8939,0,0,0,0,0,0,(0.0_ 0.0_ 1.0)
249.8939,0,0,0,0,0,0,(0.0_ 0.0_ 1.0)
249.8939,0,0,0,0,0,0,(0.0_ 0.0_ 1.0)
249.8939,0,0,0,0,0,0,(0.0_ 0.0_ 1.0)
249.8939,0,0,0,0,0,0,(0.0_ 0.0_ 1.0)
249.8939,0,0,0,0,0,0,(0.0_ 0.0_ 1.0)
249.8939,0,0,0,0,0,0,(0.0_ 0.0_ 1.0)
249.8939,0,0,0,0,0,0,(0.0_ 0.0_ 1.0)
249.8939,0,0,0,0,0,0,(0.0_ 0.0_ 1.0)
249.8939,0,0,0,0,0,0,(0.0_ 0.0_ 1.0)
249.8939,0,0,0,0,0,0,(0.0_ 0.0_ 1.0)
249.8939,0,0,0,0,0,0,(0.0_ 0.0_ 1.0)
249.8939,0,0,0,0,0,0,(0.0_ 0.0_ 1.0)
249.8939,0,0,0,0,0,0,(0.0_ 0.0_ 1.0)
249.8939,0,0,0,0,0,0,(0.0_ 0.0_ 1.0)
249.8939,0,0,0,0,0,0,(0.0_ 0.0_ 1.0)
249.8939,0,0,0,0,0,0,(0.0_ 0.0_ 1.0)
249.8939,0,0,0,0,0,0,(0.0_ 0.0_ 1.0)
249.8939,0,0,0,0,0,0,(0.0_ 0.0_ 1.0)
249.8939,0,0,0,0,0,0,(0.0_ 0.0_ 1.0)
249.8939,0,0,0,0,0,0,(0.0_ 0.0_ 1.0)
249.8939,0,0,0,0,0,0,(0.0_ 0.0_ 1.0)
249.8939,0,0,0,0,0,0,(0.0_ 0.0_ 1.0)
249.8939,0,0,0,0,0,0,(0.0_ 0.0_ 1.0)
249.8939,0,0,0,0,0,0,(0.0_ 0.0_ 1.0)
249.8939,0,0,0,0,0,0,(0.0_ 0.0_ 1.0)
249.8939,0,0,0,0,0,0,(0.0_ 0.0_ 1.0)
249.8939,0,0,0,0,0,0,(0.0_ 0.0_ 1.0)
249.8939,0,0,0,0,0,0,(0.0_ 0.0_ 1.0)
249.8939,0,0,0,0,0,0,(0.0_ 0.0_ 1.0)
249.8939,0,0,0,0,0,0,(0.0_ 0.0_ 1.0)
249.8939,0,0,0,0,0,0,(0.0_ 0.0_ 1.0)
249.8939,0,0,0,0,0,0,(0.0_ 0.0_ 1.0)
249.8939,0,0,0,0,0,0,(0.0_ 0.0_ 1.0)
249.8939,0,0,0,0,0,0,(0.0_ 0.0_ 1.0)
249.8939,0,0,0,0,0,0,(0.0_ 0.0_ 1.0)
249.8939,0,0,0,0,0,0,(0.0_ 0.0_ 1.0)
249.8939,0,0,0,0,0,0,(0.0_ 0.0_ 1.0)
249.8939,0,0,0,0,0,0,(0.0_ 0.0_ 1.0)
249.8939,0,0,0,0,0,0,(0.0_ 0.0_ 1.0)
249.8939,0,0,0,0,0,0,(0.0_ 0.0_ 1.0)
249.8939,0,0,0,0,0,0,(0.0_ 0.0_ 1.0)
249.8939,0,0,0,0,0,0,(0.0_ 0.0_ 1.0)
249.8939,0,0,0,0,0,0,(0.0_ 0.0_ 1.0)
249.8939,0,0,0,0,0,0,(0.0_ 0.0_ 1.0)
249.8939,0,0,0,0,0,0,(0.0_ 0.0_ 1.0)
249.8939,0,0,0,0,0,0,(0.0_ 0.0_ 1.0)
249.8939,0,0,0,0,0,0,(0.0_ 0.0_ 1.0)
249.8939,0,0,0,0,0,0,(0.0_ 0.0_ 1.0)
249.8939,0,0,0,0,0,0,(0.0_ 0.0_ 1.0)
249.8939,0,0,0,0,0,0,(0.0_ 0.0_ 1.0)
249.8939,0,0,0,0,0,0,(0.0_ 0.0_ 1.0)
249.8939,0,0,0,0,0,0,(0.0_ 0.0_ 1.0)
249.8939,0,0,0,0,0,0,(0.0_ 0.0_ 1.0)
249.8939,0,0,0,0,0,0,(0.0_ 0.0_ 1.0)
249.8939,0,0,0,0,0,0,(0.0_ 0.0_ 1.0)
249.8939,0,0,0,0,0,0,(0.0_ 0.0_ 1.0)
249.8939,0,0,0,0,0,0,(0.0_ 0.0_ 1.0)
249.8939,0,0,0,0,0,0,(0.0_ 0.0_ 1.0)
249.8939,0,0,0,0,0,0,(0.0_ 0.0_ 1.0)
249.8939,0,0,0,0,0,0,(0.0_ 0.0_ 1.0)
249.8939,0,0,0,0,0,0,(0.0_ 0.0_ 1.0)
249.8939,0,0,0,0,0,0,(0.0_ 0.0_ 1.0)
249.9052,0,0.002101,0.079167,0,0.000012,-0.000106,(0.0_ 0.0_ 1.0)
249.917,0,0.002101,0.161391,0,0.000012,-0.000106,(0.0_ 0.0_ 1.0)
249.9276,-0.000001,0.004355,0.235888,0.000001,0.00006,-0.00036,(0.0_ 0.0_ 1.0)
249.9391,0,0.004355,0.316073,0.000001,0.00006,-0.00036,(0.0_ 0.0_ 1.0)
249.9499,-0.000001,0.006162,0.391801,0.000001,0.000089,-0.000225,(0.0_ 0.0_ 1.0)
249.9636,0,0.006489,0.487331,0.000001,0.000096,-0.000141,(0.0_ 0.0_ 1.0)
249.974,0,0.006489,0.560315,0.000001,0.000096,-0.000141,(0.0_ 0.0_ 1.0)
249.983,0,0.006714,0.623243,0,0.000098,-0.000063,(0.0_ 0.0_ 1.0)
249.9968,0,0.006714,0.719875,0,0.000098,-0.000063,(0.0_ 0.0_ 1.0)
250.0046,0,0.007011,0.77472,-0.000001,0.000102,-0.000051,(0.0_ 0.0_ 1.0)
250.0161,0,0.007011,0.855379,-0.000001,0.000102,-0.000051,(0.0_ 0.0_ 1.0)
250.0269,0,0.007351,0.930566,0,0.000106,-0.000044,(0.0_ 0.0_ 1.0)
250.0386,0,0.007351,1.012408,0,0.000106,-0.000044,(0.0_ 0.0_ 1.0)
250.0496,0.000001,0.007663,1.089724,0,0.00011,-0.000036,(0.0_ 0.0_ 1.0)
250.0607,0.000001,0.007675,1.16724,0,0.000112,-0.000032,(0.0_ 0.0_ 1.0)
250.0719,0.000001,0.007675,1.245845,0,0.000112,-0.000032,(0.0_ 0.0_ 1.0)
250.0829,0.000001,0.007723,1.322991,0,0.000115,-0.000022,(0.0_ 0.0_ 1.0)
250.0942,0.000001,0.007723,1.40182,0,0.000115,-0.000022,(0.0_ 0.0_ 1.0)
250.1051,0.000001,0.007793,1.478126,0,0.000121,-0.000013,(0.0_ 0.0_ 1.0)
250.1169,0.000001,0.007793,1.560577,0,0.000121,-0.000013,(0.0_ 0.0_ 1.0)
250.127,0.000002,0.007866,1.631528,0,0.000126,-0.000012,(0.0_ 0.0_ 1.0)
250.1388,0.000002,0.007866,1.714046,0,0.000126,-0.000012,(0.0_ 0.0_ 1.0)
250.1494,0.000002,0.007929,1.788462,0,0.00013,-0.000009,(0.0_ 0.0_ 1.0)
250.161,0.000002,0.007933,1.869447,0,0.000132,-0.000008,(0.0_ 0.0_ 1.0)
250.1717,0.000002,0.007933,1.944358,0,0.000132,-0.000008,(0.0_ 0.0_ 1.0)
250.183,0.000002,0.007943,2.023115,0,0.000135,-0.000008,(0.0_ 0.0_ 1.0)
250.1942,0.000003,0.007943,2.101972,0,0.000135,-0.000008,(0.0_ 0.0_ 1.0)
250.208,0.000003,0.007966,2.198185,0.000001,0.000137,-0.000009,(0.0_ 0.0_ 1.0)
250.217,0.000003,0.007966,2.26155,0.000001,0.000137,-0.000009,(0.0_ 0.0_ 1.0)
250.227,0.000003,0.007978,2.331724,0.000001,0.000138,-0.000007,(0.0_ 0.0_ 1.0)
250.2388,0.000003,0.007978,2.413839,0.000001,0.000138,-0.000007,(0.0_ 0.0_ 1.0)
250.2502,0.000003,0.007989,2.493494,0,0.00014,-0.000007,(0.0_ 0.0_ 1.0)
250.2614,0.000004,0.00799,2.572064,0,0.00014,-0.000007,(0.0_ 0.0_ 1.0)
250.2726,0.000004,0.00799,2.650512,0,0.00014,-0.000007,(0.0_ 0.0_ 1.0)
250.2834,0.000004,0.007992,2.726104,0,0.000141,-0.000008,(0.0_ 0.0_ 1.0)
250.2944,0.000004,0.007992,2.80293,0,0.000141,-0.000008,(0.0_ 0.0_ 1.0)
250.3054,0.000004,0.007994,2.880515,0,0.000142,-0.000007,(0.0_ 0.0_ 1.0)
250.317,0.000005,0.007994,2.961176,0,0.000142,-0.000007,(0.0_ 0.0_ 1.0)
250.3275,0.000005,0.007996,3.034657,0.000001,0.000143,-0.000007,(0.0_ 0.0_ 1.0)
250.3387,0.000005,0.007996,3.11327,0.000001,0.000143,-0.000007,(0.0_ 0.0_ 1.0)
250.35,0.000005,0.007998,3.192199,0,0.000144,-0.000008,(0.0_ 0.0_ 1.0)
250.3613,0.000005,0.007998,3.271633,-0.000001,0.000145,-0.000007,(0.0_ 0.0_ 1.0)
250.3723,0.000006,0.007998,3.348204,-0.000001,0.000145,-0.000007,(0.0_ 0.0_ 1.0)
250.3834,0.000006,0.007999,3.426285,0,0.000145,-0.000007,(0.0_ 0.0_ 1.0)
250.3946,0.000006,0.007999,3.504681,0,0.000145,-0.000007,(0.0_ 0.0_ 1.0)
250.4085,0.000006,0.007999,3.601747,0,0.000146,-0.000006,(0.0_ 0.0_ 1.0)
250.4174,0.000006,0.007999,3.664348,0,0.000146,-0.000006,(0.0_ 0.0_ 1.0)
250.4278,0.000007,0.008,3.737175,0,0.000147,-0.000005,(0.0_ 0.0_ 1.0)
250.4393,0.000007,0.008,3.817757,0,0.000147,-0.000005,(0.0_ 0.0_ 1.0)
250.4504,0.000007,0.008,3.89534,0,0.000148,-0.000005,(0.0_ 0.0_ 1.0)
250.4615,0.000007,0.008,3.973086,0,0.000148,-0.000005,(0.0_ 0.0_ 1.0)
250.4724,0.000007,0.008,4.04889,0,0.000148,-0.000005,(0.0_ 0.0_ 1.0)
250.4836,0.000008,0.008,4.127459,0,0.000149,-0.000006,(0.0_ 0.0_ 1.0)
250.4947,0.000008,0.008,4.205081,0,0.000149,-0.000006,(0.0_ 0.0_ 1.0)
250.5054,0.000008,0.008,4.280532,0,0.00015,-0.000007,(0.0_ 0.0_ 1.0)
250.517,0.000008,0.008,4.361752,0,0.00015,-0.000007,(0.0_ 0.0_ 1.0)
250.5277,0.000008,0.008,4.436611,0,0.00015,-0.000006,(0.0_ 0.0_ 1.0)
250.539,0.000009,0.008,4.515381,0,0.00015,-0.000006,(0.0_ 0.0_ 1.0)
250.5502,0.000009,0.008,4.593885,-0.000001,0.000151,-0.000006,(0.0_ 0.0_ 1.0)
250.5615,0.000009,0.007997,4.67264,0.000001,0.000151,0.000207,(0.0_ 0.0_ 1.0)
250.5724,0.000009,0.007997,4.749224,0.000001,0.000151,0.000207,(0.0_ 0.0_ 1.0)
250.5834,0.000009,0.007996,4.826044,0.000028,0.000147,0.002259,(0.0_ 0.0_ 1.0)
250.5949,0.000009,0.007996,4.906643,0.000028,0.000147,0.002259,(0.0_ 0.0_ 1.0)
250.6085,0.00001,0.007986,5.00189,0.000044,0.000156,0.000369,(0.0_ 0.0_ 1.0)
250.6172,0.00001,0.007986,5.062956,0.000044,0.000156,0.000369,(0.0_ 0.0_ 1.0)
250.6277,0.00001,0.007983,5.136482,0.000047,0.000161,0.000649,(0.0_ 0.0_ 1.0)
250.6391,0.00001,0.007983,5.21635,0.000047,0.000161,0.000649,(0.0_ 0.0_ 1.0)
250.6503,0.000011,0.007979,5.294185,0.000049,0.000165,0.000186,(0.0_ 0.0_ 1.0)
250.6614,0.000011,0.007979,5.372374,0.000053,0.000167,0.001789,(0.0_ 0.0_ 1.0)
250.6727,0.000011,0.007979,5.451286,0.000053,0.000167,0.001789,(0.0_ 0.0_ 1.0)
250.6836,0.000011,0.007978,5.527959,0.000045,0.000162,-0.001261,(0.0_ 0.0_ 1.0)
250.6948,0.000012,0.007978,5.605945,0.000045,0.000162,-0.001261,(0.0_ 0.0_ 1.0)
250.7058,0.000012,0.007977,5.682999,0.000053,0.000165,0.000885,(0.0_ 0.0_ 1.0)
250.7172,0.000012,0.007977,5.762644,0.000053,0.000165,0.000885,(0.0_ 0.0_ 1.0)
250.728,0.000012,0.007976,5.838649,0.000048,0.000162,-0.000375,(0.0_ 0.0_ 1.0)
250.7392,0.000013,0.007976,5.916505,0.000048,0.000162,-0.000375,(0.0_ 0.0_ 1.0)
250.7505,0.000013,0.007976,5.995832,0.000049,0.000161,-0.000089,(0.0_ 0.0_ 1.0)
250.7615,0.000013,0.007976,6.072826,0.000044,0.000157,-0.00175,(0.0_ 0.0_ 1.0)
250.7728,0.000013,0.007976,6.151922,0.000044,0.000157,-0.00175,(0.0_ 0.0_ 1.0)
250.784,0.000013,0.007976,6.230513,0.000053,0.000161,0.001255,(0.0_ 0.0_ 1.0)
250.7946,0.000013,0.007975,6.304998,0.000053,0.000161,0.001255,(0.0_ 0.0_ 1.0)
250.8056,0.000014,0.007975,6.38173,0.000046,0.000156,-0.000898,(0.0_ 0.0_ 1.0)
250.8207,0.000014,0.007975,6.487191,0.000056,0.00016,0.00195,(0.0_ 0.0_ 1.0)
250.8283,0.000014,0.007975,6.54047,0.000056,0.00016,0.00195,(0.0_ 0.0_ 1.0)
250.839,0.000014,0.007975,6.615501,0.000056,0.00016,0.00195,(0.0_ 0.0_ 1.0)
250.8513,0.000015,0.007975,6.70145,0.00005,0.000155,0.000281,(0.0_ 0.0_ 1.0)
250.8616,0.000015,0.007975,6.773612,0.000054,0.000157,0.00176,(0.0_ 0.0_ 1.0)
250.8728,0.000015,0.007975,6.852285,0.000054,0.000157,0.00176,(0.0_ 0.0_ 1.0)
250.8841,0.000015,0.007975,6.931009,0.000046,0.00015,-0.001224,(0.0_ 0.0_ 1.0)
250.8948,0.000016,0.007975,7.00631,0.000046,0.00015,-0.001224,(0.0_ 0.0_ 1.0)
250.9058,0.000016,0.007975,7.083321,0.000052,0.000153,0.000875,(0.0_ 0.0_ 1.0)
250.9177,0.000016,0.007975,7.166564,0.000052,0.000153,0.000875,(0.0_ 0.0_ 1.0)
250.9279,0.000016,0.007975,7.237441,0.000048,0.000148,-0.000438,(0.0_ 0.0_ 1.0)
250.9393,0.000017,0.007975,7.317458,0.000048,0.000148,-0.000438,(0.0_ 0.0_ 1.0)
250.9504,0.000017,0.007975,7.395484,0.000049,0.000148,-0.000083,(0.0_ 0.0_ 1.0)
250.9617,0.000017,0.007975,7.473986,0.000043,0.000143,-0.001732,(0.0_ 0.0_ 1.0)
250.9728,0.000017,0.007975,7.552266,0.000043,0.000143,-0.001732,(0.0_ 0.0_ 1.0)
250.9841,0.000017,0.007975,7.631435,0.000053,0.000148,0.001231,(0.0_ 0.0_ 1.0)
250.9949,0.000017,0.007975,7.706663,0.000053,0.000148,0.001231,(0.0_ 0.0_ 1.0)
251.0059,0.000018,0.007975,7.783731,0.000046,0.000142,-0.000844,(0.0_ 0.0_ 1.0)
251.0208,0.000018,0.007975,7.887809,0.000056,0.000147,0.001936,(0.0_ 0.0_ 1.0)
251.0282,0.000018,0.007975,7.939466,0.000056,0.000147,0.001936,(0.0_ 0.0_ 1.0)
251.0392,0.000018,0.007975,8.016869,0.000056,0.000147,0.001936,(0.0_ 0.0_ 1.0)
251.0506,0.000019,0.007975,8.096821,0.000049,0.000141,0.000142,(0.0_ 0.0_ 1.0)
251.0616,0.000019,0.007975,8.173612,0.000055,0.000144,0.001765,(0.0_ 0.0_ 1.0)
251.0732,0.000019,0.007975,8.254704,0.000055,0.000144,0.001765,(0.0_ 0.0_ 1.0)
251.0841,0.000019,0.007975,8.331438,0.000046,0.000136,-0.001212,(0.0_ 0.0_ 1.0)
251.0951,0.000019,0.007975,8.407849,0.000046,0.000136,-0.001212,(0.0_ 0.0_ 1.0)
251.1059,0.00002,0.007975,8.483346,0.000053,0.000139,0.000877,(0.0_ 0.0_ 1.0)
251.1179,0.00002,0.007975,8.567891,0.000053,0.000139,0.000877,(0.0_ 0.0_ 1.0)
251.1282,0.00002,0.007975,8.639811,0.000049,0.000135,-0.000368,(0.0_ 0.0_ 1.0)
251.1398,0.00002,0.007975,8.720785,0.000049,0.000135,-0.000368,(0.0_ 0.0_ 1.0)
251.1508,0.00002,0.007975,8.798428,0.00005,0.000134,-0.000172,(0.0_ 0.0_ 1.0)
251.1618,0.000021,0.007975,8.875185,0.000045,0.00013,-0.0017,(0.0_ 0.0_ 1.0)
251.1733,0.000021,0.007975,8.955422,0.000045,0.00013,-0.0017,(0.0_ 0.0_ 1.0)
251.1843,0.000021,0.007975,9.032588,0.000054,0.000135,0.001194,(0.0_ 0.0_ 1.0)
251.1954,0.000021,0.007975,9.11044,0.000054,0.000135,0.001194,(0.0_ 0.0_ 1.0)
251.2062,0.000021,0.007975,9.185795,0.000047,0.000129,-0.000784,(0.0_ 0.0_ 1.0)
251.2211,0.000022,0.007975,9.289948,0.000055,0.000133,0.001873,(0.0_ 0.0_ 1.0)
251.2282,0.000022,0.007975,9.339871,0.000055,0.000133,0.001873,(0.0_ 0.0_ 1.0)
251.2394,0.000022,0.007975,9.418313,0.000055,0.000133,0.001873,(0.0_ 0.0_ 1.0)
251.2509,0.000022,0.007975,9.49838,0.00005,0.000128,0.00019,(0.0_ 0.0_ 1.0)
251.2617,0.000022,0.007975,9.574419,0.000055,0.00013,0.001742,(0.0_ 0.0_ 1.0)
251.2733,0.000023,0.007975,9.655584,0.000055,0.00013,0.001742,(0.0_ 0.0_ 1.0)
251.2842,0.000023,0.007975,9.731805,0.000047,0.000123,-0.0012,(0.0_ 0.0_ 1.0)
251.2951,0.000023,0.007975,9.807981,0.000047,0.000123,-0.0012,(0.0_ 0.0_ 1.0)
251.3061,0.000023,0.007975,9.885365,0.000053,0.000125,0.000817,(0.0_ 0.0_ 1.0)
251.3179,0.000023,0.007975,9.967438,0.000053,0.000125,0.000817,(0.0_ 0.0_ 1.0)
251.3284,0.000023,0.007975,10.04148,0.000048,0.000122,-0.000317,(0.0_ 0.0_ 1.0)
251.3399,0.000024,0.007975,10.12177,0.000048,0.000122,-0.000317,(0.0_ 0.0_ 1.0)
251.351,0.000024,0.007975,10.1995,0.000048,0.00012,-0.000202,(0.0_ 0.0_ 1.0)
251.3621,0.000024,0.007975,10.27708,0.000043,0.000117,-0.001641,(0.0_ 0.0_ 1.0)
251.3731,0.000024,0.007975,10.35387,0.000043,0.000117,-0.001641,(0.0_ 0.0_ 1.0)
251.3842,0.000024,0.007975,10.4319,0.000053,0.000121,0.001216,(0.0_ 0.0_ 1.0)
251.3951,0.000024,0.007975,10.50821,0.000053,0.000121,0.001216,(0.0_ 0.0_ 1.0)
251.406,0.000025,0.007975,10.58443,0.000046,0.000115,-0.000824,(0.0_ 0.0_ 1.0)
251.4178,0.000025,0.007975,10.66734,0.000046,0.000115,-0.000824,(0.0_ 0.0_ 1.0)
251.4315,0.000025,0.007975,10.76282,0.000049,0.000115,-0.000301,(0.0_ 0.0_ 1.0)
251.4395,0.000025,0.007975,10.81892,0.000049,0.000115,-0.000301,(0.0_ 0.0_ 1.0)
251.4509,0.000025,0.007975,10.8984,0.000049,0.000115,0.000187,(0.0_ 0.0_ 1.0)
251.4624,0.000025,0.007975,10.97944,0.000053,0.000117,0.001588,(0.0_ 0.0_ 1.0)
251.4734,0.000026,0.007975,11.05607,0.000053,0.000117,0.001588,(0.0_ 0.0_ 1.0)
251.4842,0.000026,0.007975,11.13177,0.000046,0.000109,-0.001202,(0.0_ 0.0_ 1.0)
251.4953,0.000026,0.007975,11.20938,0.000046,0.000109,-0.001202,(0.0_ 0.0_ 1.0)
251.5065,0.000026,0.007975,11.2877,0.000053,0.000112,0.000744,(0.0_ 0.0_ 1.0)
251.5182,0.000026,0.007975,11.36981,0.000053,0.000112,0.000744,(0.0_ 0.0_ 1.0)
251.5285,0.000026,0.007975,11.4416,0.000049,0.000108,-0.000315,(0.0_ 0.0_ 1.0)
251.5402,0.000027,0.007975,11.52415,0.000057,0.000112,0.002044,(0.0_ 0.0_ 1.0)
251.5512,0.000027,0.007975,11.60079,0.000057,0.000112,0.002044,(0.0_ 0.0_ 1.0)
251.562,0.000027,0.007975,11.67631,0.000042,0.000103,-0.001663,(0.0_ 0.0_ 1.0)
251.5728,0.000027,0.007974,11.75236,0.000042,0.000103,-0.001663,(0.0_ 0.0_ 1.0)
251.5842,0.000027,0.007975,11.8317,0.000055,0.000108,0.001225,(0.0_ 0.0_ 1.0)
251.5961,0.000027,0.007974,11.91514,0.000055,0.000108,0.001225,(0.0_ 0.0_ 1.0)
251.6062,0.000027,0.007975,11.98572,0.000047,0.000102,-0.000788,(0.0_ 0.0_ 1.0)
251.6185,0.000028,0.007975,12.0721,0.000047,0.000102,-0.000788,(0.0_ 0.0_ 1.0)
251.6323,0.000028,0.007975,12.16832,0.000049,0.000101,-0.000466,(0.0_ 0.0_ 1.0)
251.6396,0.000028,0.007975,12.21938,0.000049,0.000101,-0.000466,(0.0_ 0.0_ 1.0)
251.6509,0.000028,0.007975,12.29854,0.00005,0.000101,0.000189,(0.0_ 0.0_ 1.0)
251.6627,0.000028,0.007975,12.38161,0.000055,0.000103,0.001521,(0.0_ 0.0_ 1.0)
251.6734,0.000028,0.007975,12.45588,0.000055,0.000103,0.001521,(0.0_ 0.0_ 1.0)
251.6843,0.000028,0.007975,12.5327,0.000046,0.000096,-0.001175,(0.0_ 0.0_ 1.0)
251.6958,0.000029,0.007975,12.61286,0.000046,0.000096,-0.001175,(0.0_ 0.0_ 1.0)
251.7061,0.000029,0.007975,12.68549,0.000052,0.000099,0.000812,(0.0_ 0.0_ 1.0)
251.7178,0.000029,0.007975,12.76676,0.000052,0.000099,0.000812,(0.0_ 0.0_ 1.0)
251.729,0.000029,0.007975,12.84516,0.000048,0.000095,-0.000207,(0.0_ 0.0_ 1.0)
251.7398,0.000029,0.007975,12.92102,0.000048,0.000095,-0.000207,(0.0_ 0.0_ 1.0)
251.7513,0.000029,0.007975,13.0014,0.000049,0.000093,-0.000261,(0.0_ 0.0_ 1.0)
251.7625,0.000029,0.007975,13.07956,0.000044,0.00009,-0.001569,(0.0_ 0.0_ 1.0)
251.7736,0.000029,0.007975,13.1578,0.000044,0.00009,-0.001569,(0.0_ 0.0_ 1.0)
251.7841,0.00003,0.007975,13.23152,0.000054,0.000094,0.001226,(0.0_ 0.0_ 1.0)
251.7956,0.00003,0.007975,13.31141,0.000054,0.000094,0.001226,(0.0_ 0.0_ 1.0)
251.8066,0.00003,0.007975,13.38857,0.000047,0.000089,-0.0007,(0.0_ 0.0_ 1.0)
251.8181,0.00003,0.007975,13.46896,0.000047,0.000089,-0.0007,(0.0_ 0.0_ 1.0)
251.8288,0.00003,0.007975,13.54372,0.00005,0.000089,0.000269,(0.0_ 0.0_ 1.0)
251.8434,0.00003,0.007975,13.64608,0.000045,0.000085,-0.001372,(0.0_ 0.0_ 1.0)
251.8513,0.00003,0.007975,13.7018,0.000045,0.000085,-0.001372,(0.0_ 0.0_ 1.0)
251.862,0.00003,0.007975,13.77674,0.000055,0.00009,0.001668,(0.0_ 0.0_ 1.0)
251.8736,0.000031,0.007975,13.8578,0.000055,0.00009,0.001668,(0.0_ 0.0_ 1.0)
251.8853,0.000031,0.007975,13.9397,0.000046,0.000083,-0.000965,(0.0_ 0.0_ 1.0)
251.8959,0.000031,0.007975,14.01364,0.000046,0.000083,-0.000965,(0.0_ 0.0_ 1.0)
251.9066,0.000031,0.007975,14.08869,0.000051,0.000085,0.000718,(0.0_ 0.0_ 1.0)
251.918,0.000031,0.007975,14.16868,0.000051,0.000085,0.000718,(0.0_ 0.0_ 1.0)
251.9287,0.000031,0.007975,14.24317,0.000047,0.000082,-0.000268,(0.0_ 0.0_ 1.0)
251.94,0.000031,0.007975,14.32277,0.000055,0.000086,0.002085,(0.0_ 0.0_ 1.0)
251.9511,0.000032,0.007975,14.39994,0.000055,0.000086,0.002085,(0.0_ 0.0_ 1.0)
251.9624,0.000032,0.007975,14.47943,0.000044,0.000077,-0.00157,(0.0_ 0.0_ 1.0)
251.9741,0.000032,0.007975,14.56113,0.000044,0.000077,-0.00157,(0.0_ 0.0_ 1.0)
251.9898,0.000032,0.007975,14.67113,0.000049,0.000078,0.000046,(0.0_ 0.0_ 1.0)
251.9959,0.000032,0.007975,14.71387,0.000049,0.000078,0.000046,(0.0_ 0.0_ 1.0)
252.0075,0.000032,0.007975,14.79515,0.000048,0.000076,-0.000509,(0.0_ 0.0_ 1.0)
252.0189,0.000032,0.007975,14.8745,0.000048,0.000076,-0.000509,(0.0_ 0.0_ 1.0)
252.0294,0.000032,0.007975,14.94812,0.00005,0.000076,0.000136,(0.0_ 0.0_ 1.0)
252.0439,0.000032,0.007975,15.04967,0.000045,0.000072,-0.001267,(0.0_ 0.0_ 1.0)
252.0516,0.000032,0.007975,15.1035,0.000045,0.000072,-0.001267,(0.0_ 0.0_ 1.0)
252.0628,0.000033,0.007975,15.182,0.000054,0.000076,0.00151,(0.0_ 0.0_ 1.0)
252.074,0.000033,0.007975,15.26023,0.000054,0.000076,0.00151,(0.0_ 0.0_ 1.0)
252.0847,0.000033,0.007975,15.33556,0.000046,0.000069,-0.00109,(0.0_ 0.0_ 1.0)
252.0961,0.000033,0.007975,15.41495,0.000046,0.000069,-0.00109,(0.0_ 0.0_ 1.0)
252.1068,0.000033,0.007975,15.49002,0.000052,0.000072,0.000676,(0.0_ 0.0_ 1.0)
252.118,0.000033,0.007975,15.56862,0.000052,0.000072,0.000676,(0.0_ 0.0_ 1.0)
252.129,0.000033,0.007975,15.64533,0.000048,0.000068,-0.000201,(0.0_ 0.0_ 1.0)
252.1403,0.000033,0.007975,15.72468,0.000054,0.000072,0.00203,(0.0_ 0.0_ 1.0)
252.1514,0.000033,0.007975,15.80191,0.000054,0.000072,0.00203,(0.0_ 0.0_ 1.0)
252.162,0.000034,0.007975,15.87619,0.000042,0.000063,-0.001668,(0.0_ 0.0_ 1.0)
252.1735,0.000034,0.007975,15.95707,0.000042,0.000063,-0.001668,(0.0_ 0.0_ 1.0)
252.1848,0.000034,0.007975,16.03604,0.000053,0.000067,0.001094,(0.0_ 0.0_ 1.0)
252.196,0.000034,0.007975,16.11444,0.000053,0.000067,0.001094,(0.0_ 0.0_ 1.0)
252.2065,0.000034,0.007975,16.18815,0.000047,0.000062,-0.000716,(0.0_ 0.0_ 1.0)
252.2184,0.000034,0.007975,16.27108,0.000047,0.000062,-0.000716,(0.0_ 0.0_ 1.0)
252.2288,0.000034,0.007975,16.34415,0.00005,0.000063,0.000255,(0.0_ 0.0_ 1.0)
252.2402,0.000034,0.007975,16.42421,0.000043,0.000057,-0.002027,(0.0_ 0.0_ 1.0)
252.2541,0.000034,0.007975,16.52121,0.000043,0.000057,-0.002027,(0.0_ 0.0_ 1.0)
252.2617,0.000034,0.007975,16.57473,0.000055,0.000063,0.001727,(0.0_ 0.0_ 1.0)
252.2733,0.000034,0.007975,16.65586,0.000055,0.000063,0.001727,(0.0_ 0.0_ 1.0)
252.2843,0.000034,0.007975,16.73265,0.000046,0.000056,-0.001178,(0.0_ 0.0_ 1.0)
252.2957,0.000035,0.007975,16.81259,0.000046,0.000056,-0.001178,(0.0_ 0.0_ 1.0)
252.307,0.000035,0.007975,16.8914,0.000051,0.000058,0.000636,(0.0_ 0.0_ 1.0)
252.3183,0.000035,0.007975,16.97044,0.000051,0.000058,0.000636,(0.0_ 0.0_ 1.0)
252.3287,0.000035,0.007975,17.04314,0.000049,0.000055,-0.000268,(0.0_ 0.0_ 1.0)
252.3404,0.000035,0.007975,17.12493,0.000056,0.000059,0.002022,(0.0_ 0.0_ 1.0)
252.3516,0.000035,0.007975,17.20367,0.000056,0.000059,0.002022,(0.0_ 0.0_ 1.0)
252.362,0.000035,0.007975,17.27632,0.000044,0.00005,-0.001664,(0.0_ 0.0_ 1.0)
252.3737,0.000035,0.007975,17.35806,0.000044,0.00005,-0.001664,(0.0_ 0.0_ 1.0)
252.3844,0.000035,0.007975,17.43335,0.000052,0.000054,0.001175,(0.0_ 0.0_ 1.0)
252.3954,0.000035,0.007975,17.51058,0.000052,0.000054,0.001175,(0.0_ 0.0_ 1.0)
252.4066,0.000035,0.007975,17.58829,0.000047,0.000049,-0.000711,(0.0_ 0.0_ 1.0)
252.4182,0.000035,0.007975,17.66954,0.000047,0.000049,-0.000711,(0.0_ 0.0_ 1.0)
252.4285,0.000035,0.007975,17.74195,0.000051,0.000049,0.000321,(0.0_ 0.0_ 1.0)
252.4406,0.000036,0.007975,17.82626,0.000043,0.000044,-0.001966,(0.0_ 0.0_ 1.0)
252.4546,0.000036,0.007975,17.92488,0.000043,0.000044,-0.001966,(0.0_ 0.0_ 1.0)
252.4619,0.000036,0.007975,17.97564,0.000054,0.00005,0.001699,(0.0_ 0.0_ 1.0)
252.4733,0.000036,0.007975,18.0555,0.000054,0.00005,0.001699,(0.0_ 0.0_ 1.0)
252.4847,0.000036,0.007975,18.13538,0.000046,0.000043,-0.001099,(0.0_ 0.0_ 1.0)
252.4957,0.000036,0.007975,18.21267,0.000046,0.000043,-0.001099,(0.0_ 0.0_ 1.0)
252.5066,0.000036,0.007975,18.28862,0.000051,0.000045,0.000717,(0.0_ 0.0_ 1.0)
252.5186,0.000036,0.007975,18.37285,0.000051,0.000045,0.000717,(0.0_ 0.0_ 1.0)
252.5288,0.000036,0.007975,18.44411,0.000049,0.000041,-0.00024,(0.0_ 0.0_ 1.0)
252.5401,0.000036,0.007975,18.52284,0.000056,0.000045,0.002084,(0.0_ 0.0_ 1.0)
252.5518,0.000036,0.007975,18.60473,0.000056,0.000045,0.002084,(0.0_ 0.0_ 1.0)
252.5625,0.000036,0.007975,18.6801,0.000044,0.000036,-0.001552,(0.0_ 0.0_ 1.0)
252.5735,0.000036,0.007975,18.75682,0.000044,0.000036,-0.001552,(0.0_ 0.0_ 1.0)
252.5845,0.000036,0.007975,18.8341,0.000054,0.00004,0.001154,(0.0_ 0.0_ 1.0)
252.5962,0.000036,0.007975,18.91557,0.000054,0.00004,0.001154,(0.0_ 0.0_ 1.0)
252.6066,0.000037,0.007975,18.98889,0.000047,0.000035,-0.000692,(0.0_ 0.0_ 1.0)
252.6184,0.000037,0.007975,19.07117,0.000047,0.000035,-0.000692,(0.0_ 0.0_ 1.0)
252.6288,0.000037,0.007975,19.14418,0.000049,0.000035,0.000255,(0.0_ 0.0_ 1.0)
252.6404,0.000037,0.007975,19.22486,0.000041,0.00003,-0.002008,(0.0_ 0.0_ 1.0)
252.6516,0.000037,0.007975,19.30336,0.000041,0.00003,-0.002008,(0.0_ 0.0_ 1.0)
252.6656,0.000037,0.007975,19.40132,0.000053,0.000034,0.000933,(0.0_ 0.0_ 1.0)
252.6737,0.000037,0.007975,19.45854,0.000053,0.000034,0.000933,(0.0_ 0.0_ 1.0)
252.6845,0.000037,0.007975,19.53424,0.000045,0.000029,-0.001132,(0.0_ 0.0_ 1.0)
252.6962,0.000037,0.007975,19.61567,0.000045,0.000029,-0.001132,(0.0_ 0.0_ 1.0)
252.7068,0.000037,0.007975,19.68974,0.000051,0.000031,0.000686,(0.0_ 0.0_ 1.0)
252.7181,0.000037,0.007975,19.76938,0.000051,0.000031,0.000686,(0.0_ 0.0_ 1.0)
252.7292,0.000037,0.007975,19.84663,0.000049,0.000028,-0.000163,(0.0_ 0.0_ 1.0)
252.7402,0.000037,0.007975,19.92418,0.000057,0.000032,0.002045,(0.0_ 0.0_ 1.0)
252.7516,0.000037,0.007975,20.00348,0.000057,0.000032,0.002045,(0.0_ 0.0_ 1.0)
252.7623,0.000037,0.007975,20.07861,0.000043,0.000023,-0.001594,(0.0_ 0.0_ 1.0)
252.774,0.000037,0.007975,20.16034,0.000043,0.000023,-0.001594,(0.0_ 0.0_ 1.0)
252.7846,0.000036,0.007975,20.23438,0.000053,0.000016,0.001144,(0.0_ 0.0_ 1.0)
252.7956,0.000035,0.007975,20.3116,0.000053,-0.000007,0.001144,(0.0_ 0.0_ 1.0)
252.8069,0.000032,0.007983,20.39057,0.000035,-0.000031,0.000719,(0.0_ 0.0_ 1.0)
252.8182,0.000028,0.007983,20.46989,0.000035,-0.000076,0.000719,(0.0_ 0.0_ 1.0)
252.8289,0.000024,0.007991,20.5451,0.000019,-0.000128,0.000395,(0.0_ 0.0_ 1.0)
252.8404,0.000018,0.007991,20.62499,0.000019,-0.000195,0.000388,(0.0_ 0.0_ 1.0)
252.8517,0.000012,0.007991,20.70436,0.000019,-0.000273,0.000388,(0.0_ 0.0_ 1.0)
252.8659,0.000002,0.007994,20.80364,0.000014,-0.000364,0.000274,(0.0_ 0.0_ 1.0)
252.8737,-0.000004,0.007994,20.85856,0.000014,-0.000464,0.000274,(0.0_ 0.0_ 1.0)
252.8844,-0.000012,0.007995,20.93353,0.000011,-0.000572,0.000212,(0.0_ 0.0_ 1.0)
252.8962,-0.000023,0.007995,21.01593,0.000011,-0.000693,0.000212,(0.0_ 0.0_ 1.0)
252.9069,-0.000034,0.007997,21.09072,0.000007,-0.000822,0.000137,(0.0_ 0.0_ 1.0)
252.918,-0.000046,0.007997,21.1686,0.000007,-0.000963,0.000137,(0.0_ 0.0_ 1.0)
252.9292,-0.000059,0.007998,21.24702,0.000004,-0.001112,0.000072,(0.0_ 0.0_ 1.0)
252.941,-0.000074,0.007998,21.32963,0.000004,-0.001273,0.000069,(0.0_ 0.0_ 1.0)
252.9514,-0.000088,0.007998,21.40221,0.000004,-0.001444,0.000069,(0.0_ 0.0_ 1.0)
252.9629,-0.000104,0.007998,21.48244,0.000003,-0.001624,0.000058,(0.0_ 0.0_ 1.0)
252.9737,-0.000121,0.007998,21.55806,0.000003,-0.001813,0.000058,(0.0_ 0.0_ 1.0)
252.9848,-0.000139,0.007999,21.63575,0.000002,-0.002012,0.000044,(0.0_ 0.0_ 1.0)
252.9962,-0.000158,0.007999,21.71562,0.000002,-0.00222,0.000044,(0.0_ 0.0_ 1.0)
253.0069,-0.000177,0.007999,21.7907,0.000002,-0.002437,0.000026,(0.0_ 0.0_ 1.0)
253.0184,-0.000199,0.007999,21.87144,0.000002,-0.002664,0.000026,(0.0_ 0.0_ 1.0)
253.0291,-0.00022,0.008,21.9458,0.000001,-0.0029,0.000011,(0.0_ 0.0_ 1.0)
253.0406,-0.000244,0.008,22.02672,0.000001,-0.003145,0.000011,(0.0_ 0.0_ 1.0)
253.0517,-0.000267,0.008,22.10436,0.000001,-0.003387,0.000011,(0.0_ 0.0_ 1.0)
253.0634,-0.000292,0.008,22.186,0.000001,-0.003626,0.000008,(0.0_ 0.0_ 1.0)
253.0772,-0.000321,0.008,22.28294,0.000001,-0.003861,0.000008,(0.0_ 0.0_ 1.0)
253.0843,-0.000335,0.008,22.33281,0.000001,-0.004087,0.000006,(0.0_ 0.0_ 1.0)
253.0966,-0.000359,0.008,22.41829,0.000001,-0.004298,0.000006,(0.0_ 0.0_ 1.0)
253.1066,-0.000378,0.008,22.48841,0.000001,-0.004496,0.000001,(0.0_ 0.0_ 1.0)
253.1181,-0.000399,0.008,22.56926,0.000001,-0.004667,0.000001,(0.0_ 0.0_ 1.0)
253.1293,-0.000416,0.008,22.64758,0,-0.004813,-0.000002,(0.0_ 0.0_ 1.0)
253.1404,-0.000431,0.008,22.72536,0,-0.004922,-0.000003,(0.0_ 0.0_ 1.0)
253.152,-0.000444,0.008,22.80664,0,-0.004993,-0.000003,(0.0_ 0.0_ 1.0)
253.1624,-0.000453,0.008,22.87949,0,-0.00502,-0.000003,(0.0_ 0.0_ 1.0)
253.1739,-0.000457,0.008,22.9596,0,-0.004987,-0.000003,(0.0_ 0.0_ 1.0)
253.1847,-0.000456,0.008,23.03558,0,-0.004885,-0.000004,(0.0_ 0.0_ 1.0)
253.1962,-0.000448,0.008,23.11564,0,-0.004701,-0.000004,(0.0_ 0.0_ 1.0)
253.2068,-0.000434,0.008,23.19002,0,-0.00443,-0.000005,(0.0_ 0.0_ 1.0)
253.2187,-0.000409,0.008,23.27309,0,-0.00405,-0.000005,(0.0_ 0.0_ 1.0)
253.229,-0.000378,0.008,23.34556,0,-0.003555,-0.000005,(0.0_ 0.0_ 1.0)
253.2408,-0.00033,0.007999,23.42797,0.000001,-0.002906,0.000111,(0.0_ 0.0_ 1.0)
253.2518,-0.000271,0.007999,23.50526,0.000001,-0.002102,0.000111,(0.0_ 0.0_ 1.0)
253.2623,-0.0002,0.007999,23.57871,0.000001,-0.001099,0.000114,(0.0_ 0.0_ 1.0)
253.274,-0.0001,0.007999,23.66033,0.000001,0.000149,0.000114,(0.0_ 0.0_ 1.0)
253.2881,0.000059,0.007984,23.75948,0.000009,0.001753,-0.001153,(0.0_ 0.0_ 1.0)
253.2958,0.000158,0.007984,23.81329,0.000009,0.003567,-0.001153,(0.0_ 0.0_ 1.0)
253.3071,0.000331,0.00799,23.89176,0.000007,0.005721,-0.000818,(0.0_ 0.0_ 1.0)
253.3184,0.000544,0.00799,23.97148,0.000007,0.008283,-0.000818,(0.0_ 0.0_ 1.0)
253.3289,0.000774,0.007994,24.04514,-0.000017,0.011257,-0.000453,(0.0_ 0.0_ 1.0)
253.3408,0.001077,0.007994,24.12779,-0.000014,0.014727,-0.000415,(0.0_ 0.0_ 1.0)
253.3515,0.001396,0.007994,24.20299,-0.000014,0.018723,-0.000415,(0.0_ 0.0_ 1.0)
253.3626,0.001777,0.007995,24.2807,-0.000012,0.023288,-0.000361,(0.0_ 0.0_ 1.0)
253.3742,0.002235,0.007995,24.36163,-0.000012,0.02854,-0.000361,(0.0_ 0.0_ 1.0)
253.3848,0.002714,0.007996,24.43636,-0.000009,0.034461,-0.000276,(0.0_ 0.0_ 1.0)
253.3959,0.003274,0.007996,24.51356,-0.000009,0.041102,-0.000276,(0.0_ 0.0_ 1.0)
253.4069,0.003903,0.007997,24.59056,-0.000006,0.048554,-0.000185,(0.0_ 0.0_ 1.0)
253.4185,0.004648,0.007997,24.67163,-0.000006,0.056902,-0.000185,(0.0_ 0.0_ 1.0)
253.4293,0.005425,0.007999,24.74732,-0.000003,0.066166,-0.000102,(0.0_ 0.0_ 1.0)
253.4408,0.006349,0.007999,24.82806,0,0.076456,-0.000077,(0.0_ 0.0_ 1.0)
253.452,0.007341,0.007999,24.90654,0,0.087769,-0.000077,(0.0_ 0.0_ 1.0)
253.4628,0.008391,0.007999,24.98206,0,0.100133,-0.000066,(0.0_ 0.0_ 1.0)
253.4743,0.009619,0.007999,25.06246,0,0.113653,-0.000066,(0.0_ 0.0_ 1.0)
253.488,0.011252,0.007999,25.15861,0,0.128654,-0.000042,(0.0_ 0.0_ 1.0)
253.4966,0.012347,0.007999,25.2188,0,0.144605,-0.000042,(0.0_ 0.0_ 1.0)
253.5069,0.013755,0.008,25.29049,0,0.161711,-0.00003,(0.0_ 0.0_ 1.0)
253.5181,0.015423,0.008,25.36898,0,0.180137,-0.00003,(0.0_ 0.0_ 1.0)
253.5293,0.017225,0.008,25.4476,0,0.199919,-0.000019,(0.0_ 0.0_ 1.0)
253.5409,0.019227,0.007998,25.52858,0.000001,0.221142,0.000114,(0.0_ 0.0_ 1.0)
253.5527,0.021419,0.007998,25.61105,0.000001,0.243853,0.000114,(0.0_ 0.0_ 1.0)
253.5632,0.023495,0.007998,25.68438,0,0.267901,0.000118,(0.0_ 0.0_ 1.0)
253.574,0.025784,0.007998,25.76029,0,0.29337,0.000118,(0.0_ 0.0_ 1.0)
253.5852,0.028293,0.007989,25.83847,0.000006,0.320332,-0.000691,(0.0_ 0.0_ 1.0)
253.5964,0.030961,0.007989,25.91679,0.000007,0.348794,-0.000691,(0.0_ 0.0_ 1.0)
253.607,0.033644,0.007993,25.99126,0.000005,0.378719,-0.000512,(0.0_ 0.0_ 1.0)
253.6183,0.036646,0.007993,26.07008,0.000006,0.410185,-0.000512,(0.0_ 0.0_ 1.0)
253.6294,0.03976,0.007996,26.14755,0.000004,0.443202,-0.000279,(0.0_ 0.0_ 1.0)
253.6409,0.043167,0.007996,26.22791,0.000004,0.477834,-0.000267,(0.0_ 0.0_ 1.0)
253.6519,0.046602,0.007996,26.30501,0.000004,0.514021,-0.000267,(0.0_ 0.0_ 1.0)
253.6627,0.050144,0.007997,26.38076,0.000004,0.551776,-0.000232,(0.0_ 0.0_ 1.0)
253.674,0.054002,0.007997,26.4594,0.000004,0.591165,-0.000232,(0.0_ 0.0_ 1.0)
253.6853,0.058067,0.007998,26.53846,0.000003,0.632214,-0.000173,(0.0_ 0.0_ 1.0)
253.7004,0.063809,0.007998,26.6441,0.000003,0.675486,-0.00017,(0.0_ 0.0_ 1.0)
253.7075,0.066583,0.007998,26.69349,0.000003,0.719798,-0.00017,(0.0_ 0.0_ 1.0)
253.7186,0.071134,0.007998,26.77115,0.000003,0.765768,-0.00017,(0.0_ 0.0_ 1.0)
253.7297,0.07587,0.007999,26.8487,0.000002,0.813397,-0.000091,(0.0_ 0.0_ 1.0)
253.7407,0.080782,0.007998,26.92594,0.000003,0.862708,0.000021,(0.0_ 0.0_ 1.0)
253.7522,0.086089,0.007998,27.0061,0.000003,0.913758,0.000021,(0.0_ 0.0_ 1.0)
253.7627,0.091123,0.007998,27.07938,0.000002,0.966387,0.000036,(0.0_ 0.0_ 1.0)
253.7743,0.096929,0.007998,27.16071,0.000002,1.020793,0.000036,(0.0_ 0.0_ 1.0)
253.7853,0.102573,0.007998,27.23697,0.000001,1.076854,0.000026,(0.0_ 0.0_ 1.0)
253.7965,0.108598,0.007998,27.31551,0.000001,1.134616,0.000026,(0.0_ 0.0_ 1.0)
253.8073,0.114553,0.007999,27.39055,0.000001,1.194005,0.000014,(0.0_ 0.0_ 1.0)
253.8185,0.120952,0.007999,27.4685,0.000001,1.255078,0.000014,(0.0_ 0.0_ 1.0)
253.8294,0.127428,0.007999,27.54484,0.000001,1.317796,0.000005,(0.0_ 0.0_ 1.0)
253.841,0.134524,0.008,27.62578,0.000001,1.382249,0.000004,(0.0_ 0.0_ 1.0)
253.8521,0.141515,0.008,27.70306,0.000001,1.448341,0.000004,(0.0_ 0.0_ 1.0)
253.8629,0.148539,0.008,27.77841,0,1.516013,0.000003,(0.0_ 0.0_ 1.0)
253.8745,0.156328,0.008,27.85945,0,1.585367,0.000003,(0.0_ 0.0_ 1.0)
253.8854,0.163829,0.008,27.93529,0,1.656277,0.000001,(0.0_ 0.0_ 1.0)
253.8999,0.174141,0.008,28.03618,0,1.729235,0.000001,(0.0_ 0.0_ 1.0)
253.907,0.17934,0.008,28.08593,0,1.803189,-0.000001,(0.0_ 0.0_ 1.0)
253.9187,0.188056,0.008,28.16706,0,1.878742,-0.000001,(0.0_ 0.0_ 1.0)
253.9293,0.196174,0.008,28.24071,0,1.955721,-0.000004,(0.0_ 0.0_ 1.0)
253.9411,0.205443,0.008,28.32263,0,2.034256,-0.000004,(0.0_ 0.0_ 1.0)
253.9521,0.214331,0.008,28.39925,0,2.11423,-0.000004,(0.0_ 0.0_ 1.0)
253.9628,0.223201,0.008,28.47391,0,2.195581,-0.000004,(0.0_ 0.0_ 1.0)
253.9742,0.232797,0.008,28.55277,0,2.278358,-0.000004,(0.0_ 0.0_ 1.0)
253.9849,0.242073,0.007991,28.62728,0.000005,2.362455,0.000713,(0.0_ 0.0_ 1.0)
253.9973,0.253077,0.007991,28.71357,0.000004,2.448056,0.000713,(0.0_ 0.0_ 1.0)
254.0084,0.263115,0.007984,28.79056,0.000019,2.534971,-0.000501,(0.0_ 0.0_ 1.0)
254.0182,0.272153,0.007984,28.85849,0.000019,2.623019,-0.000501,(0.0_ 0.0_ 1.0)
254.0292,0.282531,0.007991,28.93486,0.000011,2.712319,-0.000336,(0.0_ 0.0_ 1.0)
254.041,0.293903,0.007992,29.01678,0.000011,2.802912,-0.000319,(0.0_ 0.0_ 1.0)
254.0519,0.304578,0.007991,29.09214,0.000012,2.894693,-0.000319,(0.1_ 0.0_ 1.0)
254.0632,0.315904,0.007993,29.17053,0.00001,2.987671,-0.000269,(0.1_ 0.0_ 1.0)
254.0741,0.326995,0.007993,29.24583,0.000011,3.081764,-0.000269,(0.1_ 0.0_ 1.0)
254.0849,0.338243,0.007994,29.32077,0.000008,3.176945,-0.000206,(0.1_ 0.0_ 1.0)
254.0963,0.350314,0.007994,29.39971,0.000008,3.273246,-0.000206,(0.1_ 0.0_ 1.0)
254.1104,0.365475,0.007997,29.49687,0.000004,3.370898,-0.000103,(0.1_ 0.0_ 1.0)
254.1184,0.37422,0.007997,29.55204,0.000004,3.469297,-0.000103,(0.1_ 0.0_ 1.0)
254.1292,0.38632,0.007999,29.62704,0.000003,3.568693,-0.000059,(0.1_ 0.0_ 1.0)
254.1412,0.399932,0.007999,29.70993,0.000003,3.669169,-0.000055,(0.1_ 0.0_ 1.0)
254.1524,0.412831,0.007999,29.78716,0.000003,3.770627,-0.000055,(0.1_ 0.0_ 1.0)
254.1626,0.424783,0.007999,29.85756,0.000003,3.872969,-0.000049,(0.1_ 0.0_ 1.0)
254.1741,0.438523,0.007999,29.93716,0.000003,3.976302,-0.000049,(0.1_ 0.0_ 1.0)
254.185,0.45164,0.007999,30.01194,0.000002,4.080544,-0.000039,(0.1_ 0.0_ 1.0)
254.1964,0.465679,0.007999,30.0907,0.000002,4.185734,-0.000039,(0.1_ 0.0_ 1.0)
254.2072,0.479097,0.007999,30.1648,0.000001,4.291806,-0.000027,(0.1_ 0.0_ 1.0)
254.2186,0.493627,0.007999,30.2438,0.000001,4.398809,-0.000027,(0.1_ 0.0_ 1.0)
254.2296,0.507643,0.008,30.31884,0.000001,4.506675,-0.000017,(0.1_ 0.0_ 1.0)
254.2407,0.522158,0.008,30.39539,0.000001,4.615412,-0.000017,(0.1_ 0.0_ 1.0)
254.252,0.537077,0.008,30.4729,0.000001,4.725022,-0.000017,(0.1_ 0.0_ 1.0)
254.2625,0.551176,0.008,30.54508,0.000001,4.835436,-0.000015,(0.1_ 0.0_ 1.0)
254.2739,0.566731,0.008,30.62356,0.000001,4.946715,-0.000015,(0.1_ 0.0_ 1.0)
254.2849,0.581884,0.008,30.69892,-0.000013,5.058817,-0.00001,(0.1_ 0.0_ 1.0)
254.2964,0.598007,0.008,30.77795,-0.000013,5.171772,-0.00001,(0.1_ 0.0_ 1.0)
254.3107,0.618326,0.007999,30.87604,0.000025,5.285738,0.000257,(0.1_ 0.0_ 1.0)
254.3183,0.629304,0.007999,30.92838,0.000024,5.400267,0.000257,(0.1_ 0.0_ 1.0)
254.3294,0.645361,0.007984,31.00388,0.000026,5.515564,-0.001123,(0.1_ 0.0_ 1.0)
254.3411,0.662682,0.007985,31.08421,0.000027,5.63167,-0.001071,(0.1_ 0.0_ 1.0)
254.3522,0.679309,0.007984,31.1603,0.000029,5.748528,-0.001071,(0.1_ 0.0_ 1.0)
254.3629,0.695391,0.007986,31.23292,0.000027,5.866101,-0.000921,(0.1_ 0.0_ 1.0)
254.3741,0.71259,0.007986,31.30959,0.000029,5.984409,-0.000921,(0.1_ 0.0_ 1.0)
254.385,0.729454,0.00799,31.3838,0.000023,6.103419,-0.000698,(0.1_ 0.0_ 1.0)
254.3966,0.747737,0.007989,31.46321,0.000024,6.223162,-0.000697,(0.1_ 0.0_ 1.0)
254.4074,0.764928,0.007993,31.53696,0.000016,6.343565,-0.000444,(0.1_ 0.0_ 1.0)
254.4187,0.78308,0.007993,31.61386,0.000017,6.464642,-0.000444,(0.1_ 0.0_ 1.0)
254.4297,0.80101,0.007996,31.68891,0.000009,6.586341,-0.000232,(0.1_ 0.0_ 1.0)
254.4413,0.820105,0.007997,31.76787,0.000009,6.708669,-0.000216,(0.1_ 0.0_ 1.0)
254.4527,0.838957,0.007997,31.8449,0.00001,6.831589,-0.000216,(0.1_ 0.0_ 1.0)
254.4632,0.856689,0.007997,31.91652,0.000008,6.955032,-0.000183,(0.1_ 0.0_ 1.0)
254.4748,0.876439,0.007997,31.99539,0.000009,7.079021,-0.000183,(0.1_ 0.0_ 1.0)
254.4849,0.893812,0.007998,32.064,0.000007,7.20345,-0.00014,(0.1_ 0.0_ 1.0)
254.4969,0.914585,0.007998,32.14514,0.000007,7.328365,-0.00014,(0.1_ 0.0_ 1.0)
254.5103,0.938059,0.007999,32.23581,0.000003,7.453806,-0.000072,(0.1_ 0.0_ 1.0)
254.5187,0.952942,0.007999,32.29271,0.000003,7.579538,-0.000072,(0.1_ 0.0_ 1.0)
254.5293,0.972013,0.007999,32.36488,0.000002,7.705612,-0.000041,(0.1_ 0.0_ 1.0)
254.5413,0.993593,0.007999,32.44571,0.000002,7.832017,-0.000038,(0.1_ 0.0_ 1.0)
254.5526,1.014281,0.007999,32.52243,0.000002,7.958708,-0.000038,(0.1_ 0.0_ 1.0)
254.5639,1.034894,0.008,32.59813,0.000002,8.085655,-0.000032,(0.1_ 0.0_ 1.0)
254.5743,1.054266,0.008,32.6686,0.000002,8.212793,-0.000032,(0.1_ 0.0_ 1.0)
254.585,1.074238,0.008,32.74059,0.000001,8.340105,-0.000026,(0.1_ 0.0_ 1.0)
254.5965,1.096055,0.008,32.8185,0.000002,8.467576,-0.000026,(0.1_ 0.0_ 1.0)
254.6074,1.116781,0.008,32.89185,0.000001,8.595163,-0.000019,(0.1_ 0.0_ 1.0)
254.6187,1.138457,0.008,32.96789,0.000001,8.722833,-0.000019,(0.2_ 0.0_ 1.0)
254.6301,1.160382,0.007982,33.04416,0.00001,8.850533,0.001459,(0.2_ 0.0_ 1.0)
254.6413,1.182214,0.007982,33.11946,0.000009,8.97826,0.001243,(0.2_ 0.0_ 1.0)
254.6522,1.203787,0.007982,33.19324,0.000006,9.105996,0.001243,(0.2_ 0.0_ 1.0)
254.663,1.225068,0.007985,33.26544,0.000003,9.233709,0.001047,(0.2_ 0.0_ 1.0)
254.6742,1.24749,0.007985,33.3409,0.000001,9.361385,0.001047,(0.2_ 0.0_ 1.0)
254.6849,1.268977,0.007989,33.41265,-0.000001,9.488994,0.00079,(0.2_ 0.0_ 1.0)
254.6972,1.293749,0.007989,33.49472,-0.000003,9.61651,0.00079,(0.2_ 0.0_ 1.0)
254.7111,1.322112,0.007995,33.58798,-0.000002,9.743915,0.000354,(0.2_ 0.0_ 1.0)
254.7191,1.33861,0.007995,33.64182,-0.000003,9.871226,0.000354,(0.2_ 0.0_ 1.0)
254.7295,1.35991,0.007997,33.7108,-0.000003,9.998422,0.000181,(0.2_ 0.0_ 1.0)
254.741,1.384008,0.007998,33.78828,-0.000003,10.12548,0.000171,(0.2_ 0.0_ 1.0)
254.752,1.406865,0.007998,33.86123,-0.000003,10.2524,0.000171,(0.2_ 0.0_ 1.0)
254.7632,1.430558,0.007998,33.93629,-0.000003,10.37917,0.000143,(0.2_ 0.0_ 1.0)
254.7746,1.454726,0.007998,34.01232,-0.000003,10.5058,0.000143,(0.2_ 0.0_ 1.0)
254.7855,1.477943,0.007999,34.08484,-0.000003,10.6323,0.000104,(0.2_ 0.0_ 1.0)
254.7962,1.501018,0.007999,34.1564,-0.000003,10.75866,0.000104,(0.2_ 0.0_ 1.0)
254.8071,1.524572,0.007999,34.22893,0.000017,10.88489,-0.000108,(0.2_ 0.0_ 1.0)
254.8189,1.55015,0.007999,34.30715,0.000018,11.01097,-0.000108,(0.2_ 0.0_ 1.0)
254.8295,1.573322,0.007999,34.37751,-0.000004,11.13693,-0.000066,(0.2_ 0.0_ 1.0)
254.8409,1.598597,0.007999,34.45373,-0.000004,11.26274,-0.000063,(0.2_ 0.0_ 1.0)
254.8521,1.623396,0.007999,34.528,-0.000003,11.38843,-0.000063,(0.2_ 0.0_ 1.0)
254.8634,1.648504,0.007999,34.60269,0.000007,11.51397,0.000032,(0.2_ 0.0_ 1.0)
254.8746,1.673598,0.007999,34.67682,0.000007,11.63939,0.000032,(0.2_ 0.0_ 1.0)
254.885,1.697132,0.007999,34.74588,0.000005,11.76469,0.000026,(0.2_ 0.0_ 1.0)
254.8968,1.724023,0.007999,34.82426,0.000005,11.88986,0.000026,(0.2_ 0.0_ 1.0)
254.9072,1.747778,0.008,34.89304,0.000003,12.01492,0.000015,(0.2_ 0.0_ 1.0)
254.9219,1.781445,0.008,34.98988,0.000003,12.13981,0.000013,(0.2_ 0.0_ 1.0)
254.9301,1.800588,0.008,35.04457,0.000003,12.26461,0.000013,(0.2_ 0.0_ 1.0)
254.9406,1.824991,0.008,35.11383,0.000003,12.38928,0.000012,(0.2_ 0.0_ 1.0)
254.9522,1.852033,0.008,35.19009,0.000003,12.51382,0.000012,(0.2_ 0.0_ 1.0)
254.9629,1.877281,0.008,35.26083,0.000002,12.63824,0.00001,(0.2_ 0.0_ 1.0)
254.9746,1.904933,0.008,35.33782,0.000002,12.76251,0.00001,(0.2_ 0.0_ 1.0)
254.9853,1.930491,0.008,35.40852,0.000001,12.88664,0.000005,(0.2_ 0.0_ 1.0)
254.9968,1.957925,0.008,35.48393,0.000001,13.01064,0.000005,(0.2_ 0.0_ 1.0)
255.0075,1.983632,0.008,35.55415,0.000001,13.1345,0,(0.2_ 0.0_ 1.0)
255.0187,2.010663,0.008,35.62753,0.000001,13.25819,0,(0.2_ 0.0_ 1.0)
255.0303,2.039012,0.008,35.70403,0,13.38171,-0.000003,(0.2_ 0.0_ 1.0)
255.0411,2.065284,0.007997,35.77449,0.000075,13.50504,0.000103,(0.2_ 0.0_ 1.0)
255.0524,2.093225,0.007997,35.84898,0.000075,13.62818,0.000104,(0.2_ 0.0_ 1.0)
255.0631,2.119563,0.007997,35.91879,0.000063,13.75112,0.000101,(0.2_ 0.0_ 1.0)
255.0747,2.148372,0.007997,35.9947,0.000063,13.87384,0.000101,(0.2_ 0.0_ 1.0)
255.0856,2.175564,0.007998,36.06594,0.000045,13.99633,0.000073,(0.2_ 0.0_ 1.0)
255.0965,2.202942,0.007998,36.13726,0.000045,14.11858,0.000073,(0.2_ 0.0_ 1.0)
255.1076,2.231038,0.007999,36.21004,0.000028,14.24057,0.000045,(0.2_ 0.0_ 1.0)
255.1219,2.267149,0.007999,36.3031,0.000025,14.36219,0.00004,(0.2_ 0.0_ 1.0)
255.1302,2.288351,0.007999,36.35743,0.000025,14.4836,0.00004,(0.3_ 0.0_ 1.0)
255.141,2.315904,0.007999,36.42766,0.000024,14.60469,0.000037,(0.3_ 0.0_ 1.0)
255.1522,2.344686,0.007999,36.50064,0.000024,14.72545,0.000037,(0.3_ 0.0_ 1.0)
255.1634,2.373544,0.007999,36.57343,0.000019,14.84587,0.00003,(0.3_ 0.0_ 1.0)
255.1746,2.402647,0.007999,36.64647,0.000019,14.96592,0.00003,(0.3_ 0.0_ 1.0)
255.1856,2.431201,0.007999,36.71778,0.000013,15.0856,0.00002,(0.3_ 0.0_ 1.0)
255.1969,2.460685,0.007999,36.79105,0.000013,15.2049,0.00002,(0.3_ 0.0_ 1.0)
255.2075,2.488557,0.008,36.85996,0.000009,15.32384,0.00001,(0.3_ 0.0_ 1.0)
255.2189,2.518642,0.008,36.934,0.000009,15.44237,0.00001,(0.3_ 0.0_ 1.0)
255.2297,2.547186,0.008,37.0039,0.000005,15.56051,0.000002,(0.3_ 0.0_ 1.0)
255.2413,2.578056,0.008,37.07915,0.000004,15.67825,0.000002,(0.3_ 0.0_ 1.0)
255.2522,2.607056,0.008,37.14951,0.000004,15.79559,0.000002,(0.3_ 0.0_ 1.0)
255.263,2.636042,0.008,37.2195,0.000004,15.91254,0.000001,(0.3_ 0.0_ 1.0)
255.2742,2.666157,0.008,37.29188,0.000004,16.02909,0.000001,(0.3_ 0.0_ 1.0)
255.2852,2.695721,0.008,37.36261,0.000003,16.14525,-0.000001,(0.3_ 0.0_ 1.0)
255.2968,2.727282,0.008,37.43777,0.000003,16.261,-0.000001,(0.3_ 0.0_ 1.0)
255.3077,2.756975,0.008,37.50817,0.000002,16.37636,-0.000003,(0.3_ 0.0_ 1.0)
255.322,2.796049,0.008,37.60041,0.000002,16.49123,-0.000003,(0.3_ 0.0_ 1.0)
255.3301,2.818024,0.008,37.65204,0.000002,16.60581,-0.000003,(0.3_ 0.0_ 1.0)
255.3409,2.847781,0.008,37.72163,-0.000001,16.72003,-0.000003,(0.3_ 0.0_ 1.0)
255.3574,2.893379,0.008,37.82785,-0.000001,16.8337,-0.000003,(0.3_ 0.0_ 1.0)
255.3629,2.908819,0.008,37.86364,-0.000001,16.94718,-0.000003,(0.3_ 0.0_ 1.0)
255.3754,2.943449,0.008,37.94357,-0.000001,17.06024,-0.000003,(0.3_ 0.0_ 1.0)
255.3865,2.974351,0.008,38.01458,-0.000001,17.17295,-0.000004,(0.3_ 0.0_ 1.0)
255.3982,3.007369,0.008,38.09012,-0.000001,17.28528,-0.000004,(0.3_ 0.0_ 1.0)
255.408,3.034716,0.007986,38.15241,0.000007,17.3973,0.001159,(0.3_ 0.0_ 1.0)
255.4194,3.067101,0.007986,38.22586,0.000005,17.50896,0.001159,(0.3_ 0.0_ 1.0)
255.4304,3.098332,0.00798,38.29638,0.000023,17.62028,-0.000521,(0.3_ 0.0_ 1.0)
255.4413,3.12915,0.007981,38.36567,0.000022,17.73126,-0.000497,(0.3_ 0.0_ 1.0)
255.4526,3.161369,0.007981,38.43779,0.000023,17.8419,-0.000497,(0.3_ 0.0_ 1.0)
255.4632,3.191935,0.007984,38.50593,0.00002,17.95221,-0.00042,(0.3_ 0.0_ 1.0)
255.4747,3.224864,0.007984,38.57902,0.000021,18.06216,-0.00042,(0.3_ 0.0_ 1.0)
255.4852,3.255344,0.007988,38.64639,0.000016,18.17178,-0.000313,(0.3_ 0.0_ 1.0)
255.4969,3.289224,0.007988,38.72097,0.000017,18.28104,-0.000313,(0.3_ 0.0_ 0.9)
255.5074,3.319601,0.007993,38.78756,0.000011,18.38997,-0.000201,(0.3_ 0.0_ 0.9)
255.5191,3.353814,0.007992,38.86225,0.000011,18.49852,-0.000201,(0.3_ 0.0_ 0.9)
255.5333,3.395165,0.007997,38.95219,0.000004,18.60662,-0.000073,(0.3_ 0.0_ 0.9)
255.5412,3.41844,0.007998,39.00259,0.000004,18.71446,-0.000069,(0.3_ 0.0_ 0.9)
255.5525,3.451783,0.007998,39.07451,0.000004,18.82194,-0.000069,(0.3_ 0.0_ 0.9)
255.5635,3.484083,0.007998,39.14391,0.000003,18.92907,-0.000058,(0.3_ 0.0_ 0.9)
255.5745,3.516764,0.007998,39.21385,0.000003,19.03583,-0.000058,(0.3_ 0.0_ 0.9)
255.5854,3.549264,0.007999,39.28313,0.000003,19.14223,-0.000045,(0.3_ 0.0_ 0.9)
255.5964,3.58198,0.007999,39.3526,0.000003,19.24827,-0.000045,(0.3_ 0.0_ 0.9)
255.6077,3.615755,0.007999,39.42404,0.000001,19.35393,-0.00003,(0.3_ 0.0_ 0.9)
255.6187,3.648682,0.007999,39.49343,0.000001,19.45922,-0.00003,(0.3_ 0.0_ 0.9)
255.6291,3.680205,0.007999,39.5596,0.000001,19.56416,-0.000018,(0.3_ 0.0_ 0.9)
255.6413,3.716929,0.008,39.63641,0.000001,19.66867,-0.000017,(0.3_ 0.0_ 0.9)
255.6525,3.75081,0.008,39.70702,0.000001,19.77279,-0.000017,(0.3_ 0.0_ 0.9)
255.663,3.782772,0.008,39.77338,0.000001,19.87652,-0.000015,(0.3_ 0.0_ 0.9)
255.6744,3.817493,0.008,39.84522,0.000001,19.97983,-0.000015,(0.3_ 0.0_ 0.9)
255.685,3.849806,0.008,39.91184,0.000001,20.08274,-0.000013,(0.3_ 0.0_ 0.9)
255.6971,3.886828,0.008,39.98791,0.000001,20.18517,-0.000013,(0.3_ 0.0_ 0.9)
255.7073,3.918185,0.008,40.05211,0.000001,20.2872,-0.00001,(0.3_ 0.0_ 0.9)
255.7191,3.954591,0.008,40.12641,0.000001,20.38874,-0.00001,(0.3_ 0.0_ 0.9)
255.7294,3.986433,0.007983,40.19117,0.00001,20.48985,0.001368,(0.4_ 0.0_ 0.9)
255.7439,4.031421,0.007982,40.28241,0.000015,20.59031,0.000701,(0.4_ 0.0_ 0.9)
255.752,4.056408,0.007982,40.33291,0.000013,20.69041,0.000701,(0.4_ 0.0_ 0.9)
255.7633,4.091528,0.007985,40.40368,0.00001,20.78999,0.000571,(0.4_ 0.0_ 0.9)
255.7745,4.126422,0.007985,40.47377,0.000009,20.88903,0.000571,(0.4_ 0.0_ 0.9)
255.7853,4.160199,0.007989,40.54142,0.000006,20.98755,0.000421,(0.4_ 0.0_ 0.9)
255.7965,4.195568,0.007989,40.61205,0.000006,21.08549,0.000421,(0.4_ 0.0_ 0.9)
255.8074,4.229775,0.007993,40.68018,0.000003,21.18286,0.000264,(0.4_ 0.0_ 0.9)
255.8186,4.265118,0.007993,40.75037,0.000003,21.27962,0.000264,(0.4_ 0.0_ 0.9)
255.8295,4.299475,0.007996,40.81842,0.000001,21.37574,0.000137,(0.4_ 0.0_ 0.9)
255.8414,4.336826,0.007997,40.89223,0.000001,21.47115,0.000127,(0.4_ 0.0_ 0.9)
255.8522,4.371172,0.007997,40.95993,0.000001,21.56589,0.000127,(0.4_ 0.0_ 0.9)
255.8631,4.405624,0.007997,41.02768,0,21.65992,0.000107,(0.4_ 0.0_ 0.9)
255.8744,4.441537,0.007997,41.09815,0,21.75322,0.000107,(0.4_ 0.0_ 0.9)
255.8852,4.476041,0.007998,41.16571,0,21.84576,0.000078,(0.4_ 0.0_ 0.9)
255.8966,4.512292,0.007998,41.23654,0,21.93749,0.000078,(0.4_ 0.0_ 0.9)
255.9074,4.54696,0.007999,41.30415,0,22.02844,0.000047,(0.4_ 0.0_ 0.9)
255.9185,4.582364,0.007999,41.37306,0,22.11853,0.000047,(0.4_ 0.0_ 0.9)
255.9296,4.618067,0.007999,41.44244,0,22.20775,0.000022,(0.4_ 0.0_ 0.9)
255.9446,4.665882,0.007999,41.53528,-0.000001,22.29575,0.000016,(0.4_ 0.0_ 0.9)
255.9521,4.690142,0.007999,41.58228,-0.000001,22.38312,0.000016,(0.4_ 0.0_ 0.9)
255.9629,4.724851,0.008,41.64942,-0.000001,22.46957,0.000013,(0.4_ 0.0_ 0.9)
255.9743,4.761565,0.008,41.72036,-0.000001,22.55501,0.000013,(0.4_ 0.0_ 0.9)
255.9851,4.796149,0.008,41.78709,-0.000001,22.63947,0.000008,(0.4_ 0.0_ 0.9)
255.9964,4.832734,0.008,41.85761,-0.000001,22.7229,0.000008,(0.4_ 0.0_ 0.9)
256.0073,4.867826,0.008,41.92519,0,22.80529,0.000003,(0.4_ 0.0_ 0.9)
256.019,4.905569,0.008,41.99781,0,22.88656,0.000003,(0.4_ 0.0_ 0.9)
256.0296,4.939923,0.008,42.06385,0,22.96677,-0.000001,(0.4_ 0.0_ 0.9)
256.0409,4.976447,0.008,42.13403,0,23.04583,-0.000001,(0.4_ 0.0_ 0.9)
256.0527,5.014542,0.008,42.20719,0,23.12366,-0.000001,(0.4_ 0.0_ 0.9)
256.0634,5.049349,0.008,42.274,-0.000001,23.20037,-0.000002,(0.4_ 0.0_ 0.9)
256.0748,5.086011,0.008,42.34435,-0.000001,23.27585,-0.000002,(0.4_ 0.0_ 0.9)
256.0853,5.119884,0.008,42.40932,-0.000001,23.35018,-0.000003,(0.4_ 0.0_ 0.9)
256.0966,5.156504,0.008,42.47956,-0.000001,23.42326,-0.000003,(0.4_ 0.0_ 0.9)
256.1074,5.191545,0.008,42.54675,0,23.4951,-0.000004,(0.4_ 0.0_ 0.9)
256.1187,5.227907,0.008,42.61649,0,23.56563,-0.000004,(0.4_ 0.0_ 0.9)
256.1298,5.263972,0.008,42.68568,-0.000027,23.63485,0.000001,(0.4_ 0.0_ 0.9)
256.1442,5.310591,0.007991,42.77522,0.000377,23.70236,0.000002,(0.4_ 0.0_ 0.9)
256.152,5.335776,0.007991,42.82357,0.000377,23.76892,0.000003,(0.4_ 0.0_ 0.9)
256.1628,5.370752,0.007992,42.89074,0.000324,23.83418,0.000001,(0.4_ 0.0_ 0.9)
256.1748,5.409439,0.007991,42.96509,0.000324,23.89796,0.000001,(0.4_ 0.0_ 0.9)
256.1852,5.443028,0.007993,43.02967,0.00024,23.96045,-0.000001,(0.4_ 0.0_ 0.9)
256.1966,5.479998,0.007993,43.10081,0.00024,24.0215,-0.000001,(0.4_ 0.0_ 0.9)
256.2072,5.51425,0.007995,43.16677,0.000153,24.0812,-0.000004,(0.4_ 0.0_ 0.9)
256.219,5.552186,0.007995,43.23991,0.000153,24.1394,-0.000004,(0.4_ 0.0_ 0.9)
256.2296,5.586106,0.007997,43.30536,0.00008,24.19624,-0.000003,(0.4_ 0.0_ 0.9)
256.2411,5.62308,0.007997,43.37679,0.000076,24.25159,-0.000003,(0.4_ 0.0_ 0.9)
256.2524,5.659706,0.007997,43.44763,0.000076,24.30547,-0.000003,(0.4_ 0.0_ 0.9)
256.263,5.693614,0.007998,43.51329,0.000065,24.35797,-0.000004,(0.4_ 0.0_ 0.9)
256.2746,5.730847,0.007997,43.58549,0.000065,24.40892,-0.000004,(0.4_ 0.0_ 0.9)
256.2854,5.765422,0.007998,43.65264,0.000047,24.45844,-0.000004,(0.4_ 0.0_ 0.9)
256.2974,5.803902,0.007998,43.7275,0.000047,24.50635,-0.000004,(0.4_ 0.0_ 0.9)
256.3074,5.835966,0.007999,43.78996,0.00003,24.55292,-0.000005,(0.4_ 0.0_ 0.9)
256.3188,5.872235,0.007999,43.86073,0.00003,24.59796,-0.000005,(0.4_ 0.0_ 0.9)
256.3298,5.907219,0.007999,43.92912,0.000015,24.64151,-0.000006,(0.4_ 0.0_ 0.9)
256.3413,5.944054,0.007999,44.00126,0.000014,24.68351,-0.000006,(0.4_ 0.0_ 0.9)
256.3554,5.988804,0.007999,44.08916,0.000014,24.7236,-0.000006,(0.4_ 0.0_ 0.9)
256.3629,6.01256,0.007999,44.13585,0.000012,24.7627,-0.000006,(0.4_ 0.0_ 0.9)
256.3741,6.047876,0.007999,44.20542,0.000012,24.80028,-0.000006,(0.4_ 0.0_ 0.9)
256.3854,6.083755,0.008,44.27625,0.000009,24.83632,-0.000006,(0.4_ 0.0_ 0.9)
256.3967,6.119444,0.007999,44.34686,0.000009,24.87082,-0.000006,(0.4_ 0.0_ 0.9)
256.4073,6.152965,0.008,44.41332,0.000006,24.90388,-0.000005,(0.4_ 0.0_ 0.9)
256.4188,6.188991,0.008,44.48492,0.000006,24.93537,-0.000005,(0.4_ 0.0_ 0.9)
256.4298,6.223408,0.008,44.55349,0.000003,24.96536,-0.000006,(0.4_ 0.0_ 0.9)
256.4411,6.259075,0.008,44.62473,0.000003,24.99381,-0.000006,(0.4_ 0.0_ 0.9)
256.4521,6.293497,0.008,44.69365,0.000003,25.02076,-0.000006,(0.4_ 0.0_ 0.9)
256.4638,6.329874,0.008,44.7667,0.000002,25.04612,-0.000006,(0.4_ 0.0_ 0.9)
256.4751,6.365162,0.008,44.83775,0.000002,25.06994,-0.000006,(0.4_ 0.0_ 0.9)
256.4861,6.399052,0.008,44.90617,0.000002,25.09228,-0.000006,(0.4_ 0.0_ 0.9)
256.4971,6.433235,0.008,44.97538,0.000002,25.11311,-0.000006,(0.4_ 0.0_ 0.9)
256.5074,6.46535,0.008,45.04057,0.000001,25.13255,-0.000007,(0.4_ 0.0_ 0.9)
256.5191,6.501255,0.008,45.11367,0.000001,25.15041,-0.000007,(0.4_ 0.0_ 0.9)
256.5303,6.535839,0.007981,45.18431,0.000012,25.16677,0.001504,(0.4_ 0.0_ 0.9)
256.5415,6.57013,0.007981,45.25455,0.000014,25.18164,0.001242,(0.4_ 0.0_ 0.9)
256.5557,6.613637,0.007981,45.34405,0.000014,25.19464,0.001242,(0.4_ 0.0_ 0.9)
256.5641,6.639114,0.007985,45.39657,0.000011,25.20657,0.000976,(0.4_ 0.0_ 0.9)
256.5742,6.669947,0.007985,45.46031,0.000011,25.2172,0.000976,(0.4_ 0.0_ 0.9)
256.5858,6.705348,0.007989,45.53373,0.000008,25.22634,0.000693,(0.4_ 0.0_ 0.9)
256.5964,6.737562,0.007989,45.60074,0.000008,25.23414,0.000693,(0.4_ 0.0_ 0.9)
256.6078,6.772002,0.007993,45.67263,0.000005,25.24053,0.000423,(0.4_ 0.0_ 0.9)
256.6186,6.80461,0.007993,45.7409,0.000005,25.24559,0.000423,(0.4_ 0.0_ 0.9)
256.6294,6.836975,0.007996,45.80887,0.000002,25.24934,0.000223,(0.4_ 0.0_ 0.9)
256.6413,6.872727,0.007997,45.88423,0.000002,25.25166,0.000208,(0.4_ 0.0_ 0.9)
256.6522,6.905441,0.007997,45.9534,0.000002,25.25267,0.000208,(0.4_ 0.0_ 0.9)
256.6628,6.937089,0.007997,46.02054,0.000002,25.25243,0.000178,(0.4_ 0.0_ 0.9)
256.6744,6.971591,0.007997,46.09399,0.000002,25.25085,0.000178,(0.4_ 0.0_ 0.9)
256.6851,7.003285,0.007998,46.16168,0.000002,25.24804,0.000132,(0.4_ 0.0_ 0.9)
256.6967,7.037653,0.007998,46.23534,0.000002,25.2439,0.000132,(0.4_ 0.0_ 0.9)
256.7075,7.06953,0.007999,46.30389,0.000001,25.23856,0.000082,(0.4_ 0.0_ 0.9)
256.7188,7.102849,0.007999,46.3758,0.000001,25.23194,0.000082,(0.4_ 0.0_ 0.9)
256.7295,7.134241,0.007999,46.44379,0,25.22416,0.00004,(0.4_ 0.0_ 0.9)
256.7414,7.168823,0.007999,46.51896,0,25.21508,0.000037,(0.4_ 0.0_ 0.9)
256.7523,7.200932,0.007999,46.589,0,25.20482,0.000037,(0.4_ 0.0_ 0.9)
256.7663,7.241543,0.008,46.67799,0.000001,25.19308,0.000024,(0.4_ 0.0_ 0.9)
256.7744,7.264788,0.008,46.72906,0.000001,25.18049,0.000024,(0.4_ 0.0_ 0.9)
256.7852,7.296147,0.008,46.79821,0,25.16678,0.000016,(0.4_ 0.0_ 0.9)
256.797,7.33007,0.008,46.8733,0,25.15185,0.000016,(0.4_ 0.0_ 0.9)
256.8074,7.360095,0.008,46.93999,0.000001,25.13586,0.000008,(0.4_ 0.0_ 0.9)
256.8189,7.392913,0.008,47.01318,0.000001,25.11871,0.000008,(0.4_ 0.0_ 0.9)
256.8298,7.424005,0.008,47.08277,0,25.10049,0.000001,(0.4_ 0.0_ 0.9)
256.8413,7.45681,0.008,47.15648,0,25.08113,0,(0.4_ 0.0_ 0.9)
256.8521,7.48735,0.008,47.22536,0,25.06072,0,(0.4_ 0.0_ 0.9)
256.863,7.518393,0.007986,47.29564,0.000037,25.03925,0,(0.4_ 0.0_ 0.9)
256.8747,7.551229,0.007986,47.37028,0.000037,25.01668,0,(0.4_ 0.0_ 0.9)
256.8853,7.581167,0.00799,47.43859,0.000027,24.9931,-0.000003,(0.4_ 0.0_ 0.9)
256.8964,7.612096,0.00799,47.50944,0.000027,24.9685,-0.000003,(0.4_ 0.0_ 0.9)
256.9076,7.643347,0.007994,47.58131,0.000017,24.94286,-0.000006,(0.4_ 0.0_ 0.9)
256.919,7.675159,0.007994,47.65477,0.000017,24.91619,-0.000006,(0.4_ 0.0_ 0.9)
256.9296,7.7044,0.007997,47.72256,0.000008,24.88857,-0.000007,(0.4_ 0.0_ 0.9)
256.9412,7.736444,0.007997,47.79716,0.000008,24.85991,-0.000007,(0.4_ 0.0_ 0.9)
256.9527,7.76812,0.007997,47.8712,0.000008,24.83023,-0.000007,(0.4_ 0.0_ 0.9)
256.9666,7.80622,0.007998,47.96069,0.000005,24.79935,-0.000006,(0.4_ 0.0_ 0.9)
256.9744,7.827579,0.007998,48.01103,0.000005,24.76781,-0.000006,(0.4_ 0.0_ 0.9)
256.9851,7.856944,0.007998,48.08052,0.000004,24.73534,-0.000005,(0.4_ 0.0_ 0.9)
256.9967,7.888225,0.007998,48.15486,0.000004,24.7019,-0.000005,(0.4_ 0.0_ 0.9)
257.0075,7.917561,0.007999,48.22487,0.000002,24.66757,-0.000006,(0.4_ 0.0_ 0.9)
257.0191,7.948867,0.007999,48.29991,0.000002,24.63227,-0.000006,(0.4_ 0.0_ 0.9)
257.0299,7.977929,0.007999,48.36987,0.000001,24.5961,-0.000006,(0.4_ 0.0_ 0.9)
257.0414,8.008643,0.008,48.44413,0.000001,24.559,-0.000006,(0.4_ 0.0_ 0.9)
257.0522,8.037513,0.008,48.51423,0.000001,24.52103,-0.000006,(0.4_ 0.0_ 0.9)
257.063,8.066014,0.008,48.58372,0.000001,24.48224,-0.000006,(0.4_ 0.0_ 0.9)
257.0746,8.096608,0.008,48.65866,0.000001,24.44256,-0.000006,(0.4_ 0.0_ 0.9)
257.0853,8.125012,0.008,48.72853,0.000001,24.40206,-0.000006,(0.4_ 0.0_ 0.9)
257.0967,8.154813,0.008,48.80216,0.000001,24.36072,-0.000006,(0.4_ 0.0_ 0.9)
257.1082,8.185053,0.008,48.87722,0,24.31853,-0.000005,(0.4_ 0.0_ 0.9)
257.119,8.213105,0.008,48.94715,0,24.27556,-0.000005,(0.4_ 0.0_ 0.9)
257.1297,8.240911,0.008,49.01678,0,24.23183,-0.000004,(0.4_ 0.0_ 0.9)
257.1416,8.271605,0.007997,49.09399,0.000002,24.18727,0.000228,(0.4_ 0.0_ 0.9)
257.1525,8.299644,0.007997,49.16484,0.000003,24.14195,0.000228,(0.4_ 0.0_ 0.9)
257.163,8.326564,0.007998,49.23317,0.000017,24.09592,0.000216,(0.4_ 0.0_ 0.9)
257.1776,8.363902,0.007998,49.32843,0.000017,24.04892,0.000216,(0.4_ 0.0_ 0.9)
257.1854,8.383922,0.007988,49.3797,0.000018,24.00141,-0.000649,(0.4_ 0.0_ 0.9)
257.1969,8.41288,0.007988,49.45422,0.000017,23.95315,-0.000649,(0.4_ 0.0_ 0.9)
257.2077,8.44036,0.007993,49.52526,0.000011,23.9042,-0.000468,(0.4_ 0.0_ 0.9)
257.2189,8.468323,0.007993,49.59788,0.000011,23.85454,-0.000468,(0.4_ 0.0_ 0.9)
257.2295,8.494925,0.007996,49.66729,0.000006,23.80421,-0.000254,(0.4_ 0.0_ 0.9)
257.2414,8.52469,0.007997,49.74532,0.000005,23.75314,-0.000237,(0.4_ 0.0_ 0.9)
257.2522,8.551423,0.007997,49.81574,0.000005,23.7014,-0.000237,(0.4_ 0.0_ 0.9)
257.2631,8.578358,0.007997,49.88702,0.000004,23.64901,-0.000202,(0.4_ 0.0_ 0.9)
257.2743,8.606141,0.007997,49.96091,0.000004,23.59594,-0.000202,(0.4_ 0.0_ 0.9)
257.2851,8.63245,0.007998,50.03121,0.000003,23.54223,-0.000154,(0.4_ 0.0_ 0.9)
257.2975,8.662807,0.007998,50.11273,0.000002,23.48779,-0.000154,(0.4_ 0.0_ 0.9)
257.3077,8.687598,0.007999,50.17963,0.000001,23.43276,-0.000097,(0.4_ 0.0_ 0.9)
257.3191,8.715343,0.007999,50.25486,0.000001,23.37707,-0.000097,(0.4_ 0.0_ 0.9)
257.3297,8.740885,0.007999,50.32447,-0.000026,23.32078,-0.000047,(0.4_ 0.0_ 0.9)
257.3412,8.768554,0.007999,50.40025,-0.000021,23.26384,-0.000013,(0.4_ 0.0_ 0.9)
257.3522,8.794723,0.007999,50.47228,-0.000021,23.20629,-0.000013,(0.4_ 0.0_ 0.9)
257.3639,8.822508,0.007999,50.54914,-0.000017,23.1481,-0.000008,(0.4_ 0.0_ 0.9)
257.3781,8.856328,0.007999,50.64324,-0.000017,23.08914,-0.000008,(0.4_ 0.0_ 0.9)
257.3855,8.873603,0.007999,50.69152,-0.000012,23.02978,-0.000007,(0.4_ 0.0_ 0.9)
257.3969,8.900497,0.007999,50.76707,-0.000012,22.96981,-0.000007,(0.4_ 0.0_ 0.9)
257.4076,8.925396,0.008,50.83738,-0.000007,22.90929,-0.000006,(0.4_ 0.0_ 0.9)
257.419,8.951978,0.008,50.91283,-0.000007,22.84817,-0.000006,(0.4_ 0.0_ 0.9)
257.43,8.977343,0.008,50.9852,-0.000003,22.78649,-0.000006,(0.4_ 0.0_ 0.9)
257.4411,9.002961,0.008,51.05868,-0.000003,22.72425,-0.000006,(0.4_ 0.0_ 0.9)
257.4526,9.029391,0.008,51.1349,-0.000003,22.66142,-0.000006,(0.4_ 0.0_ 0.9)
257.463,9.052977,0.008,51.20327,0.000006,22.59807,0.000067,(0.4_ 0.0_ 0.9)
257.4745,9.079123,0.008,51.27948,0.000006,22.53417,0.000067,(0.4_ 0.0_ 0.9)
257.4855,9.104132,0.00799,51.35277,0.000009,22.46973,-0.000715,(0.4_ 0.0_ 0.9)
257.4965,9.128798,0.00799,51.42544,0.000009,22.40476,-0.000715,(0.4_ 0.0_ 0.9)
257.5074,9.153322,0.007994,51.4981,0.000005,22.33928,-0.000513,(0.4_ 0.0_ 0.9)
257.519,9.179151,0.007994,51.57504,0.000005,22.27324,-0.000513,(0.4_ 0.0_ 0.9)
257.5305,9.204605,0.007977,51.6513,0.000018,22.20667,0.001391,(0.4_ 0.0_ 0.9)
257.5412,9.228238,0.007978,51.72249,0.000018,22.13961,0.001318,(0.4_ 0.0_ 0.9)
257.5523,9.252625,0.007978,51.79636,0.00002,22.07205,0.001318,(0.4_ 0.0_ 0.9)
257.5641,9.278252,0.007982,51.87444,0.000017,22.00396,0.001053,(0.4_ 0.0_ 0.9)
257.5777,9.307705,0.007982,51.96473,0.000018,21.93526,0.001053,(0.4_ 0.0_ 0.9)
257.5858,9.325266,0.007987,52.01884,0.000014,21.86621,0.00075,(0.4_ 0.0_ 0.9)
257.5967,9.348766,0.007987,52.09167,0.000015,21.79669,0.00075,(0.4_ 0.0_ 0.9)
257.6076,9.372056,0.007992,52.16427,0.00001,21.7267,0.000465,(0.4_ 0.0_ 0.9)
257.619,9.396185,0.007992,52.23993,0.00001,21.65622,0.000465,(0.4_ 0.0_ 0.9)
257.63,9.419589,0.007996,52.31374,0.000005,21.58528,0.000229,(0.4_ 0.0_ 0.9)
257.6414,9.443482,0.007996,52.38955,0.000005,21.51387,0.000213,(0.4_ 0.0_ 0.9)
257.6525,9.466679,0.007996,52.46359,0.000005,21.442,0.000213,(0.4_ 0.0_ 0.9)
257.663,9.488528,0.007997,52.53374,0.000005,21.36971,0.000181,(0.4_ 0.0_ 0.9)
257.6743,9.512005,0.007997,52.60957,0.000005,21.29696,0.000181,(0.4_ 0.0_ 0.9)
257.6855,9.535056,0.007998,52.68449,0.000003,21.22378,0.00013,(0.4_ 0.0_ 0.9)
257.697,9.558662,0.007998,52.76167,0.000004,21.15015,0.00013,(0.4_ 0.0_ 0.9)
257.7077,9.580407,0.007999,52.83321,0.000002,21.07612,0.000078,(0.4_ 0.0_ 0.9)
257.7192,9.603683,0.007999,52.91025,0.000002,21.00168,0.000078,(0.4_ 0.0_ 0.9)
257.73,9.625503,0.007999,52.98291,0.000001,20.92686,0.000035,(0.4_ 0.0_ 0.9)
257.7413,9.648033,0.007999,53.0584,0.000001,20.85166,0.000033,(0.4_ 0.0_ 0.9)
257.7528,9.670908,0.007999,53.13551,0.000001,20.77612,0.000033,(0.4_ 0.0_ 0.9)
257.7632,9.691604,0.007999,53.2057,0.000001,20.70025,0.000026,(0.4_ 0.0_ 0.9)
257.7745,9.713863,0.007999,53.28165,0.000001,20.62406,0.000026,(0.4_ 0.0_ 0.9)
257.7886,9.741437,0.008,53.37633,0.000001,20.54749,0.000013,(0.4_ 0.0_ 0.9)
257.7973,9.758312,0.008,53.43461,0.000001,20.4707,0.000013,(0.3_ 0.0_ 0.9)
257.8077,9.778477,0.008,53.50468,0,20.39365,0.000006,(0.3_ 0.0_ 0.9)
257.819,9.800267,0.008,53.58085,0,20.31634,0.000006,(0.3_ 0.0_ 0.9)
257.8296,9.820498,0.008,53.652,0,20.23881,0.000001,(0.3_ 0.0_ 0.9)
257.8411,9.84242,0.008,53.72955,0,20.16106,0,(0.3_ 0.0_ 0.9)
257.8525,9.86407,0.008,53.80661,0,20.08309,0,(0.3_ 0.0_ 0.9)
257.8635,9.884748,0.008,53.88063,0,20.00494,-0.000001,(0.3_ 0.0_ 0.9)
257.875,9.90627,0.008,53.95816,0,19.92659,-0.000001,(0.3_ 0.0_ 0.9)
257.8854,9.925566,0.008,54.02807,0,19.84809,-0.000002,(0.3_ 0.0_ 0.9)
257.8968,9.946655,0.008,54.10495,0,19.76941,-0.000002,(0.3_ 0.0_ 0.9)
257.9074,9.966254,0.007981,54.17682,-0.00042,19.69058,0.000769,(0.3_ 0.0_ 0.9)
257.9191,9.98772,0.007982,54.25602,-0.000419,19.6116,0.00077,(0.3_ 0.0_ 0.9)
257.9299,10.0073,0.00799,54.3287,-0.000189,19.53247,0.000217,(0.3_ 0.0_ 0.9)
257.9413,10.02802,0.007991,54.40608,-0.000176,19.45319,0.000201,(0.3_ 0.0_ 0.9)
257.9525,10.04812,0.007992,54.48161,-0.000175,19.37378,0.000202,(0.3_ 0.0_ 0.9)
257.9635,10.06788,0.007993,54.55629,-0.000144,19.29425,0.000166,(0.3_ 0.0_ 0.9)
257.9747,10.08777,0.007993,54.63194,-0.000144,19.21461,0.000166,(0.3_ 0.0_ 0.9)
257.9884,10.11194,0.007996,54.72444,-0.000083,19.13485,0.000095,(0.3_ 0.0_ 0.9)
257.9971,10.12725,0.007996,54.78339,-0.000083,19.05502,0.000095,(0.3_ 0.0_ 0.9)
258.0077,10.14585,0.007998,54.85543,-0.000051,18.97513,0.000056,(0.3_ 0.0_ 0.9)
258.0189,10.16539,0.007998,54.93154,-0.000051,18.89519,0.000056,(0.3_ 0.0_ 0.9)
258.0298,10.18416,0.007999,55.00511,-0.000026,18.81522,0.000025,(0.3_ 0.0_ 0.9)
258.0414,10.20423,0.007999,55.08422,-0.000024,18.73525,0.000023,(0.3_ 0.0_ 0.9)
258.0525,10.22324,0.007999,55.15959,-0.000024,18.65531,0.000023,(0.3_ 0.0_ 0.9)
258.0642,10.24314,0.007999,55.23896,-0.000019,18.57547,0.000017,(0.3_ 0.0_ 0.9)
258.0745,10.2606,0.007999,55.30893,-0.000019,18.49574,0.000017,(0.3_ 0.0_ 0.9)
258.0855,10.27913,0.008,55.38358,-0.000014,18.4162,0.00001,(0.3_ 0.0_ 0.9)
258.0969,10.2982,0.008,55.46083,-0.000014,18.3369,0.00001,(0.3_ 0.0_ 0.9)
258.1075,10.31599,0.008,55.53321,-0.000009,18.25788,0.000005,(0.3_ 0.0_ 0.9)
258.1192,10.33546,0.008,55.61278,-0.000009,18.17923,0.000005,(0.3_ 0.0_ 1.0)
258.1298,10.35304,0.007999,55.6849,0.000022,18.101,-0.000237,(0.3_ 0.0_ 1.0)
258.1413,10.37204,0.007997,55.76316,0.000022,18.02329,-0.000041,(0.3_ 0.0_ 1.0)
258.1524,10.39022,0.007997,55.83829,0.000022,17.94615,-0.000041,(0.3_ 0.0_ 1.0)
258.1631,10.40778,0.007998,55.91107,0.000018,17.86961,-0.000016,(0.3_ 0.0_ 1.0)
258.1748,10.42705,0.007998,55.99116,0.000018,17.79387,-0.000016,(0.3_ 0.0_ 1.0)
258.189,10.45018,0.007999,56.08741,0.00001,17.71914,-0.000008,(0.3_ 0.0_ 1.0)
258.1971,10.4635,0.007999,56.14301,0.00001,17.64506,-0.000008,(0.3_ 0.0_ 1.0)
258.2078,10.48084,0.007999,56.21552,0.000006,17.5719,-0.000006,(0.3_ 0.0_ 1.0)
258.2193,10.49957,0.007999,56.29387,0.000006,17.49979,-0.000006,(0.3_ 0.0_ 1.0)
258.2299,10.51679,0.008,56.36599,0.000003,17.42874,-0.000004,(0.3_ 0.0_ 1.0)
258.2417,10.536,0.008,56.44645,0.000003,17.35893,-0.000005,(0.3_ 0.0_ 1.0)
258.2526,10.55369,0.008,56.52056,0.000003,17.29029,-0.000005,(0.3_ 0.0_ 1.0)
258.2634,10.57131,0.008,56.59436,0.000002,17.22292,-0.000005,(0.3_ 0.0_ 1.0)
258.2748,10.58977,0.008,56.6716,0.000002,17.15691,-0.000005,(0.3_ 0.0_ 1.0)
258.2857,10.60753,0.008,56.74582,0.000002,17.09228,-0.000005,(0.3_ 0.0_ 1.0)
258.2971,10.62609,0.008,56.82328,0.000002,17.02912,-0.000005,(0.3_ 0.0_ 1.0)
258.308,10.64403,0.008,56.89806,0.000001,16.96738,-0.000005,(0.3_ 0.0_ 1.0)
258.3191,10.66206,0.008,56.97308,0.000001,16.90711,-0.000005,(0.3_ 0.0_ 1.0)
258.3298,10.67959,0.007982,57.0459,0.000014,16.8483,0.001426,(0.3_ 0.0_ 1.0)
258.3417,10.69914,0.007984,57.12688,0.000029,16.79113,0.001324,(0.3_ 0.0_ 1.0)
258.3533,10.71829,0.007984,57.20598,0.00003,16.73557,0.001324,(0.3_ 0.0_ 1.0)
258.3631,10.73439,0.007986,57.27236,0.000021,16.68137,0.001123,(0.3_ 0.0_ 1.0)
258.3747,10.75366,0.007986,57.35161,0.000022,16.62878,0.001123,(0.3_ 0.0_ 1.0)
258.3857,10.77186,0.007989,57.42627,0,16.57772,0.000804,(0.3_ 0.0_ 1.0)
258.4005,10.79654,0.00799,57.52697,0.000001,16.52868,0.000783,(0.3_ 0.0_ 1.0)
258.4079,10.80882,0.00799,57.57705,0.000001,16.48063,0.000783,(0.3_ 0.0_ 1.0)
258.4189,10.82716,0.00799,57.65167,0.000002,16.43408,0.000783,(0.3_ 0.0_ 1.0)
258.4304,10.84657,0.007995,57.73036,0.000001,16.38906,0.000378,(0.3_ 0.0_ 1.0)
258.4413,10.86482,0.007995,57.80416,0.000001,16.34548,0.000353,(0.3_ 0.0_ 1.0)
258.4527,10.88401,0.007995,57.8815,0.000002,16.30336,0.000353,(0.3_ 0.0_ 1.0)
258.4632,10.90185,0.007996,57.95324,0.000002,16.2626,0.000296,(0.3_ 0.0_ 1.0)
258.4747,10.92125,0.007996,58.03096,0.000002,16.22329,0.000296,(0.3_ 0.0_ 1.0)
258.4855,10.93963,0.007997,58.10444,0.000002,16.18532,0.000214,(0.3_ 0.0_ 1.0)
258.497,10.95929,0.007997,58.18276,0.000002,16.14876,0.000214,(0.3_ 0.0_ 1.0)
258.5078,10.97775,0.007998,58.2561,0.000001,16.11351,0.000127,(0.3_ 0.0_ 1.0)
258.5192,10.99721,0.007998,58.33315,0.000002,16.07963,0.000127,(0.3_ 0.0_ 1.0)
258.5305,11.01662,0.007999,58.40978,0,16.04708,0.000058,(0.3_ 0.0_ 1.0)
258.5418,11.03624,0.007999,58.48697,0,16.01586,0.000052,(0.3_ 0.0_ 1.0)
258.5522,11.05413,0.007999,58.5572,0.000001,15.98583,0.000052,(0.3_ 0.0_ 1.0)
258.5634,11.07356,0.007999,58.6332,0.000001,15.95707,0.000042,(0.3_ 0.0_ 1.0)
258.5744,11.09265,0.007999,58.70766,0.000001,15.92953,0.000042,(0.3_ 0.0_ 1.0)
258.5857,11.11243,0.008,58.78456,0,15.90324,0.000028,(0.3_ 0.0_ 1.0)
258.6003,11.13784,0.008,58.88294,0,15.87851,0.000028,(0.3_ 0.0_ 1.0)
258.6078,11.15102,0.008,58.93386,0,15.85456,0.000028,(0.3_ 0.0_ 1.0)
258.6188,11.17048,0.008,59.00885,0,15.83173,0.000028,(0.3_ 0.0_ 1.0)
258.6298,11.18978,0.008,59.08302,0,15.80999,0.000012,(0.3_ 0.0_ 1.0)
258.6413,11.21007,0.008,59.16077,0,15.78934,0.00001,(0.3_ 0.0_ 1.0)
258.6524,11.22982,0.008,59.23623,0,15.76973,0.00001,(0.3_ 0.0_ 1.0)
258.6635,11.24963,0.008,59.31172,0,15.75111,0.000008,(0.3_ 0.0_ 1.0)
258.6743,11.26877,0.008,59.38449,0,15.73341,0.000008,(0.3_ 0.0_ 1.0)
258.6852,11.28829,0.008,59.45852,0,15.71659,0.000005,(0.3_ 0.0_ 1.0)
258.6967,11.30874,0.008,59.53592,0,15.70064,0.000005,(0.3_ 0.0_ 1.0)
258.7077,11.32857,0.008,59.61079,0,15.68548,0.000001,(0.3_ 0.0_ 1.0)
258.7252,11.35987,0.008,59.7286,0,15.67146,-0.000001,(0.3_ 0.0_ 1.0)
258.7298,11.36819,0.008,59.75988,0,15.65773,-0.000001,(0.3_ 0.0_ 1.0)
258.7417,11.38972,0.007992,59.84074,0.000021,15.64468,-0.000001,(0.3_ 0.0_ 1.0)
258.7531,11.41029,0.007992,59.91789,0.000021,15.63221,-0.000001,(0.3_ 0.0_ 1.0)
258.7639,11.42965,0.007994,59.99043,0.000017,15.62026,-0.000003,(0.3_ 0.0_ 1.0)
258.7758,11.45122,0.007993,60.07112,0.000017,15.6088,-0.000003,(0.3_ 0.0_ 1.0)
258.786,11.46964,0.007995,60.13997,0.000012,15.59774,-0.000005,(0.3_ 0.0_ 1.0)
258.8005,11.49587,0.007995,60.23793,0.000012,15.58714,-0.000005,(0.3_ 0.0_ 1.0)
258.8079,11.50929,0.007995,60.28805,0.000012,15.57675,-0.000005,(0.3_ 0.0_ 1.0)
258.8188,11.52919,0.007995,60.36232,0.000012,15.56663,-0.000005,(0.3_ 0.0_ 1.0)
258.8302,11.5497,0.007998,60.43888,0.000006,15.55675,-0.000006,(0.3_ 0.0_ 1.0)
258.8414,11.57005,0.007998,60.51484,0.000006,15.54706,-0.000006,(0.3_ 0.0_ 1.0)
258.8529,11.59088,0.007998,60.59255,0.000006,15.53754,-0.000006,(0.3_ 0.0_ 1.0)
258.8636,11.61015,0.007998,60.66447,0.000004,15.52815,-0.000006,(0.3_ 0.0_ 1.0)
258.8747,11.63033,0.007998,60.73982,0.000004,15.51886,-0.000006,(0.3_ 0.0_ 1.0)
258.8856,11.64999,0.007999,60.81322,0.000003,15.50964,-0.000005,(0.3_ 0.0_ 1.0)
258.8968,11.67042,0.007999,60.88955,0.000003,15.50046,-0.000005,(0.3_ 0.0_ 1.0)
258.9073,11.68939,0.007999,60.96048,0.000002,15.49132,-0.000007,(0.3_ 0.0_ 1.0)
258.9186,11.70988,0.007999,61.0371,0.000002,15.48218,-0.000007,(0.3_ 0.0_ 1.0)
258.9297,11.72986,0.008,61.1119,0.000001,15.47304,-0.000006,(0.3_ 0.0_ 1.0)
258.941,11.75026,0.008,61.18832,0.000001,15.46387,-0.000006,(0.3_ 0.0_ 1.0)
258.9529,11.7717,0.008,61.26867,0.000001,15.45467,-0.000006,(0.3_ 0.0_ 1.0)
258.9631,11.79003,0.008,61.33746,0.000001,15.44542,-0.000006,(0.3_ 0.0_ 1.0)
258.9746,11.81086,0.008,61.41568,0.000001,15.4361,-0.000006,(0.3_ 0.0_ 1.0)
258.9851,11.82972,0.008,61.48658,0.000001,15.4267,-0.000006,(0.3_ 0.0_ 1.0)
258.997,11.85119,0.008,61.56738,0.000001,15.4172,-0.000006,(0.3_ 0.0_ 1.0)
259.0101,11.87463,0.008,61.6557,0.000001,15.40752,-0.000007,(0.3_ 0.0_ 1.0)
259.0188,11.89026,0.008,61.71466,0.000001,15.39772,-0.000007,(0.3_ 0.0_ 1.0)
259.0303,11.91081,0.007981,61.7923,0.000014,15.38767,0.0015,(0.3_ 0.0_ 1.0)
259.041,11.93003,0.007981,61.86506,0.000015,15.37739,0.001317,(0.3_ 0.0_ 1.0)
259.0522,11.95004,0.007981,61.94093,0.000016,15.36682,0.001317,(0.3_ 0.0_ 1.0)
259.0631,11.96945,0.007984,62.01474,0.000013,15.35588,0.001099,(0.3_ 0.0_ 1.0)
259.0739,11.98858,0.007984,62.0876,0.000014,15.34456,0.001099,(0.3_ 0.0_ 1.0)
259.085,12.00825,0.007988,62.16274,0.000011,15.33276,0.000825,(0.3_ 0.0_ 1.0)
259.0967,12.02896,0.007988,62.2421,0.000011,15.32042,0.000825,(0.3_ 0.0_ 1.0)
259.1071,12.04727,0.007992,62.31249,0.000007,15.30755,0.000532,(0.3_ 0.0_ 1.0)
259.1188,12.06772,0.007992,62.39139,0.000007,15.29404,0.000532,(0.3_ 0.0_ 1.0)
259.1298,12.08705,0.007996,62.46621,0.000003,15.27987,0.00027,(0.3_ 0.0_ 1.0)
259.1409,12.1064,0.007996,62.54145,0.000003,15.26497,0.000257,(0.3_ 0.0_ 1.0)
259.1521,12.12582,0.007996,62.61725,0.000003,15.24931,0.000257,(0.3_ 0.0_ 1.0)
259.1636,12.1458,0.007997,62.6956,0.000003,15.23285,0.00021,(0.3_ 0.0_ 1.0)
259.1747,12.16494,0.007997,62.77099,0.000003,15.21557,0.00021,(0.3_ 0.0_ 1.0)
259.1852,12.18285,0.007998,62.8419,0.000002,15.19751,0.000156,(0.3_ 0.0_ 1.0)
259.1962,12.20158,0.007998,62.91638,0.000002,15.17862,0.000156,(0.3_ 0.0_ 1.0)
259.2071,12.22021,0.007999,62.99084,0.000002,15.15887,0.000098,(0.3_ 0.0_ 1.0)
259.2223,12.24581,0.007999,63.09381,0.000002,15.13793,0.000086,(0.3_ 0.0_ 1.0)
259.2297,12.25828,0.007999,63.14419,0.000002,15.11643,0.000086,(0.3_ 0.0_ 1.0)
259.2407,12.27671,0.007999,63.21902,0.000002,15.09409,0.000083,(0.3_ 0.0_ 1.0)
259.2523,12.296,0.007999,63.29775,0.000002,15.07087,0.000083,(0.3_ 0.0_ 1.0)
259.2629,12.31357,0.007999,63.36987,0.000002,15.04686,0.00007,(0.3_ 0.0_ 1.0)
259.2743,12.33235,0.007999,63.44734,0.000002,15.02203,0.00007,(0.3_ 0.0_ 1.0)
259.2854,12.35064,0.007999,63.52322,0.000001,14.99642,0.00005,(0.3_ 0.0_ 1.0)
259.2965,12.3687,0.007999,63.59852,0.000001,14.97006,0.00005,(0.3_ 0.0_ 1.0)
259.3074,12.38643,0.007999,63.67286,-0.000026,14.94297,0.000027,(0.3_ 0.0_ 1.0)
259.3192,12.40551,0.007999,63.75323,-0.000026,14.91513,0.000027,(0.3_ 0.0_ 1.0)
259.3298,12.42261,0.007999,63.82567,0.000013,14.88666,-0.000221,(0.3_ 0.0_ 1.0)
259.3413,12.44094,0.007997,63.90372,0.000014,14.8575,-0.00003,(0.3_ 0.0_ 1.0)
259.3523,12.4585,0.007997,63.97888,0.000014,14.82773,-0.00003,(0.3_ 0.0_ 1.0)
259.3633,12.47595,0.007998,64.05394,0.000011,14.79737,-0.000004,(0.3_ 0.0_ 1.0)
259.3745,12.4936,0.007998,64.13023,0.000011,14.76646,-0.000004,(0.3_ 0.0_ 1.0)
259.3853,12.51058,0.007998,64.20396,0.000008,14.73504,-0.000004,(0.3_ 0.0_ 1.0)
259.3966,12.52819,0.007998,64.28084,0.000008,14.70313,-0.000004,(0.3_ 0.0_ 1.0)
259.4075,12.54512,0.007999,64.35506,0.000006,14.67076,-0.000004,(0.3_ 0.0_ 1.0)
259.4223,12.56815,0.007999,64.45658,0.000005,14.63781,-0.000004,(0.3_ 0.0_ 1.0)
259.4298,12.57968,0.007999,64.50759,0.000005,14.6046,-0.000004,(0.3_ 0.0_ 1.0)
259.4409,12.59663,0.007999,64.58292,0.000005,14.571,-0.000004,(0.3_ 0.0_ 1.0)
259.452,12.61372,0.007999,64.65921,0.000005,14.53703,-0.000004,(0.3_ 0.0_ 1.0)
259.4634,12.63103,0.007999,64.73686,0.000004,14.50272,-0.000004,(0.3_ 0.0_ 1.0)
259.4747,12.64819,0.007999,64.81413,0.000004,14.46807,-0.000004,(0.2_ 0.0_ 1.0)
259.4853,12.66424,0.007999,64.88672,0.000003,14.43313,-0.000004,(0.2_ 0.0_ 1.0)
259.4968,12.68146,0.007999,64.96497,0.000003,14.39789,-0.000004,(0.2_ 0.0_ 1.0)
259.508,12.69832,0.008,65.0419,0.000002,14.36235,-0.000004,(0.2_ 0.0_ 1.0)
259.519,12.7147,0.008,65.11695,0.000002,14.32654,-0.000004,(0.2_ 0.0_ 1.0)
259.5296,12.73052,0.008,65.18975,0.000001,14.29046,-0.000004,(0.2_ 0.0_ 1.0)
259.5411,12.74753,0.008,65.26836,0.000001,14.25411,-0.000004,(0.2_ 0.0_ 1.0)
259.5522,12.76394,0.008,65.34455,0.000001,14.21749,-0.000004,(0.2_ 0.0_ 1.0)
259.5633,12.78022,0.008,65.42047,0.000001,14.1806,-0.000005,(0.2_ 0.0_ 1.0)
259.5741,12.79589,0.008,65.49387,0.000001,14.14346,-0.000005,(0.2_ 0.0_ 1.0)
259.5852,12.81218,0.008,65.57049,-0.000014,14.10606,-0.000002,(0.2_ 0.0_ 1.0)
259.5968,12.82899,0.008,65.64991,-0.000014,14.0684,-0.000002,(0.2_ 0.0_ 1.0)
259.6076,12.84451,0.008,65.7236,-0.000009,14.03049,-0.000003,(0.2_ 0.0_ 1.0)
259.6216,12.86465,0.008,65.81965,-0.000004,13.99226,0.000037,(0.2_ 0.0_ 1.0)
259.6296,12.87609,0.008,65.8745,-0.000004,13.95386,0.000037,(0.2_ 0.0_ 1.0)
259.6406,12.89172,0.007999,65.9497,-0.000003,13.91521,-0.000048,(0.2_ 0.0_ 1.0)
259.6519,12.90771,0.007999,66.02695,-0.000003,13.87634,-0.000048,(0.2_ 0.0_ 1.0)
259.6634,12.92403,0.007999,66.10621,-0.000003,13.83727,-0.000064,(0.2_ 0.0_ 1.0)
259.6744,12.9395,0.007999,66.18169,-0.000003,13.79799,-0.000064,(0.2_ 0.0_ 1.0)
259.6855,12.95497,0.007999,66.25746,-0.000002,13.75852,-0.00005,(0.2_ 0.0_ 1.0)
259.6967,12.97053,0.007999,66.33405,-0.000002,13.71888,-0.00005,(0.2_ 0.0_ 1.0)
259.7074,12.9855,0.007999,66.408,0.000022,13.67906,0.000157,(0.2_ 0.0_ 1.0)
259.7191,13.00157,0.007999,66.48779,0.000022,13.63908,0.000157,(0.2_ 0.0_ 1.0)
259.7297,13.01622,0.007983,66.56084,0.000021,13.59896,-0.001274,(0.2_ 0.0_ 1.0)
259.7411,13.03183,0.007984,66.63902,0.000019,13.55872,-0.001216,(0.2_ 0.0_ 1.0)
259.7526,13.04755,0.007984,66.71807,0.000018,13.51837,-0.001216,(0.2_ 0.0_ 1.0)
259.763,13.06166,0.007986,66.78934,0.000014,13.47792,-0.00104,(0.2_ 0.0_ 1.0)
259.7745,13.07726,0.007986,66.86842,0.000014,13.43741,-0.00104,(0.2_ 0.0_ 1.0)
259.7853,13.09189,0.00799,66.9429,0.000009,13.39683,-0.000768,(0.2_ 0.0_ 1.0)
259.7967,13.10718,0.00799,67.02106,0.000009,13.35621,-0.000768,(0.2_ 0.0_ 1.0)
259.8075,13.12165,0.007994,67.09533,-0.000014,13.31556,-0.000479,(0.2_ 0.0_ 1.0)
259.819,13.13692,0.007994,67.17396,-0.000014,13.2749,-0.000479,(0.2_ 0.0_ 1.0)
259.8332,13.15586,0.007997,67.27187,0.000035,13.23426,0.000183,(0.2_ 0.0_ 1.0)
259.841,13.16612,0.007997,67.32513,0.000032,13.19368,0.000175,(0.2_ 0.0_ 1.0)
